-4062.553  12576.0193  0  
-4062.0144000000005  12589.3326  0  
-4060.9668999999994  12614.8056  0  
-4059.8723999999997  12640.3717  0  
-4058.7626999999998  12665.7974  0  
-4057.6057  12691.3483  0  
-4056.4098000000004  12716.79  0  
-4055.1594  12742.3248  0  
-4054.0649000000003  12763.9839  0  
-4052.9159999999997  12785.6133  0  
-4051.7281  12807.334900000002  0  
-4050.4848  12828.947400000001  0  
-4049.2030999999997  12850.5447  0  
-4047.8507999999997  12872.203099999999  0  
-4046.4438999999998  12893.925500000001  0  
-4044.9745  12915.4922  0  
-4043.4502  12937.088  0  
-4041.8480000000004  12958.7479  0  
-4040.1829  12980.3452  0  
-4038.4399000000003  13001.9104  0  
-4036.6188  13023.5229  0  
-4034.7195  13045.025599999999  0  
-4032.7419  13066.5298  0  
-4030.6786  13087.9547  0  
-4028.5209999999997  13109.4421  0  
-4026.2699  13130.9769  0  
-4023.9094  13152.4796  0  
-4021.4706  13173.8419  0  
-4018.8599000000004  13195.7062  0  
-4016.14  13217.567399999998  0  
-4013.3102  13239.3372  0  
-4010.3477  13261.2152  0  
-4007.2762  13283.0002  0  
-4004.0633999999995  13304.815700000001  0  
-4000.7255999999998  13326.568599999999  0  
-3997.2709999999997  13348.2437  0  
-3993.6832000000004  13369.8242  0  
-3989.9391  13391.4688  0  
-3986.0542  13413.0188  0  
-3982.0445999999997  13434.506200000002  0  
-3977.8709  13455.9799  0  
-3973.5481  13477.3727  0  
-3969.0773  13498.7503  0  
-3964.4653  13519.941700000001  0  
-3959.6661  13541.2262  0  
-3954.7027999999996  13562.4329  0  
-3949.5831000000003  13583.5297  0  
-3944.2993  13604.5319  0  
-3939.6172  13622.534200000002  0  
-3934.8098999999997  13640.4907  0  
-3929.9091  13658.274800000001  0  
-3924.8283  13676.1215  0  
-3919.6384000000003  13693.8583  0  
-3914.3073999999997  13711.5952  0  
-3908.844  13729.2221  0  
-3903.1929  13746.9131  0  
-3897.4400000000005  13764.4318  0  
-3891.5386  13781.9031  0  
-3885.4728999999998  13799.374399999999  0  
-3879.2747  13816.7358  0  
-3872.9197999999997  13834.0363  0  
-3866.4009  13851.3184  0  
-3859.6867  13868.634  0  
-3852.8473  13885.809299999999  0  
-3845.8435  13902.920499999998  0  
-3838.6840999999995  13919.9554  0  
-3831.321  13937.004099999998  0  
-3823.8403  13953.8818  0  
-3816.3914  13970.2133  0  
-3808.7704000000003  13986.4639  0  
-3800.9228  14002.748099999999  0  
-3792.8799  14018.9697  0  
-3784.7115000000003  14035.0494  0  
-3776.2699  14051.2405  0  
-3767.6483  14067.3508  0  
-3758.8551  14083.369400000001  0  
-3749.8898  14099.3561  0  
-3740.6895  14115.3427  0  
-3731.3099  14131.2668  0  
-3721.719  14147.1924  0  
-3711.8782  14163.147  0  
-3701.9202999999998  14178.978000000001  0  
-3691.8056  14194.6991  0  
-3681.4335  14210.466  0  
-3670.8424  14226.2192  0  
-3660.1807  14241.752600000002  0  
-3649.2846999999997  14257.3181  0  
-3638.1931  14272.8363  0  
-3626.9844  14288.2431  0  
-3615.7051  14303.543099999999  0  
-3604.3716000000004  14318.7332  0  
-3592.7875999999997  14334.046900000001  0  
-3581.1569  14349.2065  0  
-3569.3851000000004  14364.349400000001  0  
-3557.3948  14379.570000000002  0  
-3545.3655  14394.6045  0  
-3533.2031  14409.622200000002  0  
-3520.8843  14424.5926  0  
-3508.4876999999997  14439.454699999998  0  
-3495.8720999999996  14454.3472  0  
-3483.1783  14469.1147  0  
-3470.3125  14483.8516  0  
-3457.2432999999996  14498.5886  0  
-3444.0959999999995  14513.2004  0  
-3430.8006  14527.732800000002  0  
-3417.3641000000002  14542.2043  0  
-3403.8806999999997  14556.4728  0  
-3390.2099999999996  14570.7245  0  
-3376.461  14584.866299999998  0  
-3362.9852  14599.0372  0  
-3348.9937  14612.918099999999  0  
-3334.9711999999995  14627.0599  0  
-3320.8549  14641.203300000001  0  
-3306.7307  14655.2368  0  
-3292.5517999999997  14669.2078  0  
-3278.3023999999996  14683.1009  0  
-3263.8653  14697.0551  0  
-3249.4286  14710.8704  0  
-3234.9293000000002  14724.591100000001  0  
-3220.4529  14738.1393  0  
-3205.7896  14751.719700000001  0  
-3191.0087999999996  14765.2222  0  
-3176.1576  14778.6301  0  
-3161.236  14791.897599999998  0  
-3146.3457  14804.9622  0  
-3131.307  14817.9962  0  
-3116.1198  14830.9357  0  
-3100.8230000000003  14843.765300000001  0  
-3085.6902999999998  14856.3293  0  
-3070.339  14868.988  0  
-3055.1987  14881.395  0  
-3039.8394  14893.896499999999  0  
-3024.3551  14906.4301  0  
-3009.0506  14918.713399999999  0  
-2993.5663  14931.044  0  
-2978.0508  14943.3273  0  
-2962.4882  14955.5313  0  
-2946.9883  14967.5812  0  
-2931.3866000000003  14979.598999999998  0  
-2915.8321  14991.490200000002  0  
-2900.1369  15003.350800000002  0  
-2884.5742999999998  15015.0253  0  
-2868.9182  15026.6205  0  
-2853.2698  15038.107299999998  0  
-2837.5664  15049.498  0  
-2821.871  15060.751300000002  0  
-2806.1445  15071.8781  0  
-2790.543  15082.800299999999  0  
-2773.7768  15094.412199999999  0  
-2757.0498000000002  15105.8823  0  
-2740.3069  15117.2592  0  
-2723.6423  15128.4943  0  
-2706.8995999999997  15139.653000000002  0  
-2690.1569  15150.7172  0  
-2673.4768  15161.6562  0  
-2656.7884  15172.4854  0  
-2640.1005  15183.2382  0  
-2623.4985  15193.8171  0  
-2607.0608  15204.194599999999  0  
-2590.568  15214.508100000001  0  
-2573.9737999999998  15224.8062  0  
-2557.5357  15234.918200000002  0  
-2541.0353  15244.9661  0  
-2524.7694  15254.7806  0  
-2508.527  15264.4836  0  
-2492.1906  15274.1577  0  
-2476.0733  15283.612099999998  0  
-2459.9245  15292.9886  0  
-2437.4994  15305.8807  0  
-2415.8633999999997  15318.1335  0  
-2395.2438  15329.6494  0  
-2375.1011  15340.683  0  
-2355.4506  15351.2634  0  
-2336.4021000000002  15361.3113  0  
-2317.5722  15371.0159  0  
-2299.2662  15380.22  0  
-2280.8586  15389.2685  0  
-2262.5134  15398.081999999999  0  
-2244.0668  15406.724500000002  0  
-2225.4246  15415.2557  0  
-2206.5325000000003  15423.7122  0  
-2187.1634  15432.197600000001  0  
-2167.2235  15440.7761  0  
-2146.5649  15449.496500000001  0  
-2125.0307  15458.4503  0  
-2102.8635  15467.5613  0  
-2079.5471  15477.032500000001  0  
-2055.1052  15486.892700000002  0  
-2034.8918999999999  15494.9875  0  
-2014.5458  15503.067  0  
-1994.3403  15511.021400000001  0  
-1973.877  15519.006300000001  0  
-1953.5778  15526.8372  0  
-1933.091  15534.6497  0  
-1912.4557  15542.4316  0  
-1891.8907000000002  15550.09  0  
-1871.2399  15557.669100000001  0  
-1850.3544000000002  15565.2313  0  
-1829.6329  15572.5937  0  
-1808.8884  15579.8599  0  
-1788.2608  15586.970500000001  0  
-1767.2972000000002  15594.0491  0  
-1746.2008  15601.0345  0  
-1725.2527  15607.832300000002  0  
-1703.961  15614.584400000002  0  
-1682.9191  15621.0999  0  
-1661.9164999999998  15627.4292  0  
-1640.8356  15633.633399999999  0  
-1620.8725000000002  15639.3845  0  
-1600.8625  15645.0882  0  
-1580.8134  15650.7141  0  
-1560.5064  15656.355300000001  0  
-1540.387  15661.840799999998  0  
-1520.1972  15667.2791  0  
-1499.7573  15672.7173  0  
-1479.4971  15678.015099999999  0  
-1459.2135  15683.2199  0  
-1438.6721  15688.4064  0  
-1418.326  15693.438699999999  0  
-1397.972  15698.3932  0  
-1377.4851999999998  15703.285199999998  0  
-1357.0766  15708.0505  0  
-1336.5664000000002  15712.754799999999  0  
-1316.1263999999999  15717.318700000002  0  
-1295.7101  15721.772799999999  0  
-1275.1371000000001  15726.1627  0  
-1254.5722  15730.4138  0  
-1234.1323  15734.5383  0  
-1215.6154000000001  15738.1958  0  
-1196.9575  15741.8381  0  
-1178.3936  15745.4315  0  
-1159.6811  15748.9792  0  
-1140.9608  15752.4796  0  
-1122.1154000000001  15755.9494  0  
-1103.4577000000002  15759.3231  0  
-1084.6671000000001  15762.6678  0  
-1065.9781  15765.918  0  
-1047.0858  15769.1544  0  
-1028.1622  15772.309899999998  0  
-1009.4498  15775.358600000001  0  
-990.7372  15778.341699999999  0  
-971.931  15781.25  0  
-953.2185999999999  15784.0622  0  
-934.3028  15786.8439  0  
-915.5122  15789.4852  0  
-896.6198999999999  15792.0792  0  
-877.8449  15794.548  0  
-859.1872000000001  15796.9086  0  
-840.1464000000001  15799.2355  0  
-821.1838  15801.4862  0  
-802.0883  15803.6743  0  
-782.9694  15805.815100000002  0  
-763.8426  15807.8781  0  
-744.8097  15809.8633  0  
-725.5579  15811.801099999999  0  
-706.4155000000001  15813.661200000002  0  
-687.3669  15815.4572  0  
-668.2089000000001  15817.1768  0  
-648.9649  15818.8477  0  
-629.932  15820.4269  0  
-610.7035999999999  15821.9437  0  
-591.5925  15823.4116  0  
-572.6064  15824.771100000002  0  
-553.5422  15826.084900000002  0  
-534.3842000000001  15827.3193  0  
-515.3669  15828.476  0  
-496.38090000000005  15829.5685  0  
-477.5355  15830.5847  0  
-458.45570000000004  15831.553600000001  0  
-439.25859999999994  15832.4921  0  
-419.9442  15833.398399999998  0  
-400.73150000000004  15834.2422  0  
-381.41720000000004  15835.054  0  
-362.32169999999996  15835.820000000002  0  
-342.8901  15836.523399999998  0  
-323.7008  15837.1643  0  
-304.4099  15837.7579  0  
-285.2519  15838.273599999999  0  
-266.0001  15838.710000000001  0  
-247.0922  15839.0869  0  
-227.8795  15839.3829  0  
-208.8153  15839.6027  0  
-189.7823  15839.7278  0  
-170.7806  15839.7903  0  
-151.818  15839.743000000002  0  
-132.6835  15839.6179  0  
-113.8147  15839.399700000002  0  
-94.8834  15839.0549  0  
-70.71499999999999  15838.5544  0  
-46.3904  15838.0081  0  
-22.206400000000002  15837.445099999999  0  
1.9619000000000002  15836.8042  0  
26.2553  15836.1176  0  
50.5174  15835.3973  0  
74.5998  15834.6161  0  
99.0573  15833.741800000002  0  
123.18659999999998  15832.8049  0  
147.097  15831.803899999999  0  
170.937  15830.740399999999  0  
194.94899999999998  15829.5685  0  
218.8828  15828.303500000002  0  
242.41799999999998  15826.944  0  
265.9532  15825.4898  0  
289.25390000000004  15823.9426  0  
312.39050000000003  15822.2717  0  
335.7772  15820.4742  0  
358.8825  15818.5516  0  
381.55  15816.535899999999  0  
405.6949  15814.2548  0  
429.60529999999994  15811.9247  0  
453.3437  15809.535199999998  0  
476.87109999999996  15807.081600000001  0  
500.71899999999994  15804.5029  0  
524.1134999999999  15801.8768  0  
547.6877  15799.1425  0  
570.9494000000001  15796.345500000001  0  
594.1485  15793.454  0  
617.668  15790.438800000002  0  
640.7421  15787.3596  0  
663.7457999999999  15784.2026  0  
686.9526999999999  15780.8899  0  
710.2455  15777.4673  0  
733.3196  15773.9365  0  
756.2451  15770.3262  0  
779.2175  15766.5909  0  
802.0336  15762.747200000002  0  
824.7637  15758.8089  0  
847.3375000000001  15754.7455  0  
867.0035  15751.12  0  
886.4508000000001  15747.447199999999  0  
905.7339000000001  15743.7286  0  
925.017  15739.930699999999  0  
944.3547000000001  15736.054999999998  0  
963.5518  15732.1014  0  
982.9129999999999  15728.038  0  
1002.0633  15723.959400000002  0  
1021.3620000000001  15719.740300000001  0  
1040.5512999999999  15715.489199999998  0  
1059.7248  15711.1298  0  
1078.8907  15706.723  0  
1097.994  15702.221700000002  0  
1116.9801  15697.674599999998  0  
1135.8176  15693.080100000001  0  
1154.8506  15688.3759  0  
1173.9695  15683.5312  0  
1192.9868000000001  15678.656  0  
1211.9494  15673.701500000001  0  
1230.9041  15668.6691  0  
1250.8986  15663.278199999999  0  
1270.6428  15657.9193  0  
1290.4261999999999  15652.4643  0  
1310.5064  15646.8704  0  
1330.3914  15641.2598  0  
1350.5655000000002  15635.4935  0  
1370.5677  15629.6951  0  
1390.6090000000002  15623.819  0  
1411.0177  15617.741399999999  0  
1431.1136  15611.6928  0  
1451.3816  15605.4733  0  
1471.3994  15599.2538  0  
1491.3938  15592.9398  0  
1511.5288  15586.47  0  
1531.6325000000002  15579.9225  0  
1551.9005  15573.2025  0  
1571.8324  15566.4673  0  
1591.5063  15559.7015  0  
1611.2192  15552.809099999999  0  
1630.8384  15545.8069  0  
1650.9188000000001  15538.5559  0  
1670.8115  15531.304900000001  0  
1690.9544  15523.928799999998  0  
1711.0895  15516.4749  0  
1730.8883999999998  15509.098800000002  0  
1750.9922  15501.5198  0  
1771.1351  15493.8629  0  
1791.1529999999998  15486.173999999999  0  
1811.1160000000002  15478.422499999999  0  
1831.2277000000001  15470.5154  0  
1851.4097  15462.498500000002  0  
1871.2241999999999  15454.527300000002  0  
1891.6172  15446.2296  0  
1911.8225  15437.886  0  
1931.8403  15429.508999999998  0  
1952.0536  15420.9442  0  
1972.345  15412.210099999998  0  
1992.3549999999998  15403.4897  0  
2012.7714  15394.4412  0  
2032.8283  15385.4401  0  
2050.6733  15377.33  0  
2068.5181000000002  15369.1406  0  
2086.3474  15360.888700000001  0  
2103.8639  15352.7313  0  
2121.8258  15344.278  0  
2139.7333  15335.7758  0  
2157.5468  15327.2751  0  
2175.1886  15318.7592  0  
2192.9241  15310.1471  0  
2210.8393  15301.3809  0  
2229.0436  15292.394999999999  0  
2246.9824  15283.4869  0  
2264.9364  15274.485799999999  0  
2282.8283  15265.467799999999  0  
2300.7124  15256.3736  0  
2318.8462999999997  15247.091699999999  0  
2336.7693  15237.855500000001  0  
2354.8876  15228.448499999999  0  
2372.842  15219.055199999999  0  
2390.9994  15209.5078  0  
2401.786  15203.787199999999  0  
2414.7925999999998  15196.8643  0  
2429.4563  15188.9893  0  
2445.816  15180.2063  0  
2463.7702999999997  15170.5322  0  
2482.522  15160.4065  0  
2502.4067  15149.623099999999  0  
2522.9638999999997  15138.4659  0  
2543.9274  15127.0416  0  
2565.2662  15115.3839  0  
2587.0352000000003  15103.476  0  
2608.3504000000003  15091.7709  0  
2628.9856  15080.3787  0  
2649.1833  15069.189499999999  0  
2668.6070999999997  15058.3755  0  
2686.3581  15048.436000000002  0  
2702.9837  15039.0289  0  
2718.0536  15030.4169  0  
2730.7396  15023.057600000002  0  
2741.0105000000003  15016.9632  0  
2760.4343  15005.133100000001  0  
2779.5063  14993.335  0  
2797.9919  14981.7703  0  
2816.4465  14970.050000000001  0  
2834.7448  14958.2352  0  
2852.6989  14946.4676  0  
2870.458  14934.6542  0  
2888.0449  14922.7463  0  
2905.3581  14910.806299999998  0  
2922.4838  14898.7885  0  
2939.2893  14886.7874  0  
2955.9381  14874.675  0  
2972.5481  14862.3459  0  
2988.9545  14849.937399999999  0  
3004.9002  14837.6236  0  
3021.0957  14824.871799999999  0  
3036.7363  14812.2604  0  
3052.2909  14799.4766  0  
3067.6657  14786.554  0  
3082.7593  14773.5825  0  
3099.3925  14758.955399999999  0  
3115.9868  14744.078099999999  0  
3132.151  14729.2328  0  
3148.4327  14713.9954  0  
3164.386  14698.727400000002  0  
3180.2534  14683.225999999999  0  
3196.0737000000004  14667.4103  0  
3211.5269  14651.6418  0  
3226.8311  14635.7025  0  
3241.964  14619.6213  0  
3256.7604  14603.573600000002  0  
3271.8066999999996  14586.8988  0  
3286.6580999999996  14570.1157  0  
3301.4389  14553.0807  0  
3315.9695  14535.9848  0  
3330.3596  14518.748500000002  0  
3344.8044000000004  14501.0727  0  
3358.9756  14483.445699999998  0  
3373.2170000000006  14465.3809  0  
3387.3801999999996  14447.081  0  
3400.2850000000003  14430.0003  0  
3413.3934000000004  14412.136799999998  0  
3426.6342  14393.6203  0  
3440.2115000000003  14374.1943  0  
3453.8746  14354.2374  0  
3467.7563  14333.5938  0  
3481.6616000000004  14312.559500000001  0  
3495.7237  14290.979  0  
3509.6836000000003  14269.2566  0  
3523.7766  14247.0657  0  
3537.8773  14224.6262  0  
3551.9469999999997  14202.0279  0  
3565.9615000000003  14179.306  0  
3579.9453999999996  14156.459  0  
3593.663  14133.892800000001  0  
3607.4043  14111.155700000001  0  
3620.8796999999995  14088.7451  0  
3634.2144  14066.506999999998  0  
3647.2915999999996  14044.5984  0  
3660.2119000000002  14022.908000000001  0  
3666.2697000000003  14012.2803  0  
3673.3669  13999.092099999998  0  
3681.4102  13983.5587  0  
3690.3519  13965.8051  0  
3699.8959  13946.4584  0  
3710.0647000000004  13925.502  0  
3720.6326  13903.436300000001  0  
3731.5834000000004  13880.339100000001  0  
3742.8550999999998  13856.367499999998  0  
3754.1964999999996  13832.034300000001  0  
3765.6395  13807.2968  0  
3776.8951  13782.8568  0  
3787.7209000000003  13759.196499999998  0  
3798.3275999999996  13735.896299999999  0  
3808.3408  13713.829000000002  0  
3817.6032999999998  13693.279999999999  0  
3826.0681  13674.4339  0  
3833.5171  13657.7911  0  
3839.7079  13643.850699999999  0  
3844.5854  13632.8018  0  
3853.2927999999997  13612.4557  0  
3861.7736999999997  13591.6855  0  
3870.0512000000003  13570.448300000002  0  
3878.1097000000004  13548.8525  0  
3885.973  13526.8799  0  
3893.6333  13504.5792  0  
3901.0353  13482.186899999999  0  
3908.2188  13459.5734  0  
3915.1440000000002  13436.9446  0  
3921.8426  13414.2075  0  
3928.252  13391.610700000001  0  
3934.3646999999996  13369.2474  0  
3940.2191000000003  13347.0413  0  
3945.7763999999997  13325.1144  0  
3951.0604999999996  13303.440900000001  0  
3956.0080999999996  13282.2815  0  
3960.6354  13261.621099999998  0  
3964.9501999999998  13241.51  0  
3968.9442  13221.975699999999  0  
3972.6025  13203.065499999999  0  
3976.0573999999997  13183.9539  0  
3979.3404  13164.309700000002  0  
3982.4512  13144.306900000001  0  
3985.3664000000003  13123.976099999998  0  
3988.1335999999997  13103.253200000001  0  
3990.7207  13082.251  0  
3993.1438  13060.9192  0  
3995.4109000000003  13039.338699999998  0  
3997.5288  13017.4591  0  
3999.4907  12995.4575  0  
4001.3123  12973.140000000001  0  
4002.9926000000005  12950.825499999999  0  
4004.5321999999996  12928.3524  0  
4005.9551  12905.7556  0  
4007.2369000000003  12883.033800000001  0  
4008.4015  12860.2951  0  
4009.4410000000003  12837.5427  0  
4010.3789999999995  12814.7736  0  
4011.2076  12792.0044  0  
4011.9190000000003  12769.3604  0  
4012.2238  12759.4376  0  
4012.6225  12746.3417  0  
4013.1149  12730.307  0  
4013.6856000000002  12711.6638  0  
4014.3497  12690.6456  0  
4015.0536  12667.704  0  
4015.8271999999997  12642.8261  0  
4016.6321000000003  12616.853299999999  0  
4017.4610000000002  12589.9742  0  
4018.3048  12562.4069  0  
4019.1569999999997  12534.6214  0  
4020.0012  12506.7741  0  
4020.8218  12479.5044  0  
4021.6034  12453.2036  0  
4022.3381000000004  12428.184500000001  0  
4023.0026000000003  12405.055199999999  0  
4023.5889  12384.0996  0  
4024.0734  12365.831  0  
4024.4487999999997  12350.6569  0  
4024.691  12339.2647  0  
4025.074  12319.5892  0  
4025.4883  12299.7116  0  
4025.9258000000004  12279.3961  0  
4026.4026999999996  12258.9561  0  
4026.8951  12238.187399999999  0  
4027.3952  12217.214199999999  0  
4027.9034  12196.3524  0  
4028.4194999999995  12175.1305  0  
4028.9195999999997  12153.9398  0  
4029.4196999999995  12132.7332  0  
4029.9121999999998  12111.4021  0  
4030.3734  12090.071100000001  0  
4030.8113  12068.6142  0  
4031.2099000000003  12047.4701  0  
4031.5697  12026.6235  0  
4031.8897  12005.714399999999  0  
4032.1556  11985.1181  0  
4032.3588999999997  11964.849100000001  0  
4032.4993  11944.8296  0  
4032.5778999999998  11925.1396  0  
4032.6168000000002  11905.777  0  
4032.6714  11886.071  0  
4032.7183  11866.2712  0  
4032.7807999999995  11846.0655  0  
4032.8358000000003  11825.9216  0  
4032.8902999999996  11805.4184  0  
4032.9448999999995  11784.9472  0  
4032.9998000000005  11764.3661  0  
4033.0547  11743.8629  0  
4033.1017  11723.3276  0  
4033.1482  11702.684000000001  0  
4033.1874999999995  11682.056400000001  0  
4033.2188  11661.475400000001  0  
4033.2419999999997  11640.863  0  
4033.2577  11620.4849  0  
4033.2577  11600.1068  0  
4033.2500000000005  11580.1498  0  
4033.2264  11560.1158  0  
4033.1950999999995  11540.4259  0  
4033.1406  11520.9381  0  
4033.0779999999995  11502.294899999999  0  
4032.9998000000005  11483.0429  0  
4032.906  11463.508600000001  0  
4032.8045  11443.489099999999  0  
4032.7025999999996  11423.1583  0  
4032.5854999999997  11402.5459  0  
4032.4604  11381.964899999999  0  
4032.3433  11360.977200000001  0  
4032.2257999999997  11340.0215  0  
4032.1086999999998  11318.9079  0  
4031.9991999999997  11297.6395  0  
4031.8976999999995  11276.6991  0  
4031.7959  11255.7114  0  
4031.7257  11234.8793  0  
4031.6474999999996  11214.4234  0  
4031.6006  11194.0613  0  
4031.5697  11174.136400000001  0  
4031.5536  11154.4464  0  
4031.5617  11135.334  0  
4031.6006  11116.5497  0  
4031.6555000000003  11095.5933  0  
4031.7101000000002  11074.606300000001  0  
4031.7726000000002  11053.7285  0  
4031.8351999999995  11032.958999999999  0  
4031.8976999999995  11012.236799999999  0  
4031.9603  10991.4215  0  
4032.0305  10970.6062  0  
4032.0854  10949.9786  0  
4032.148  10929.4594  0  
4032.2105  10909.2369  0  
4032.2727  10889.296699999999  0  
4032.3277  10869.1689  0  
4032.3746  10849.4156  0  
4032.4291000000003  10830.0537  0  
4032.4604  10810.8002  0  
4032.4917  10791.7351  0  
4032.5305999999996  10773.249099999999  0  
4032.5465999999997  10754.8706  0  
4032.5699  10736.9774  0  
4032.5778999999998  10719.4427  0  
4032.5699  10700.0809  0  
4032.5778999999998  10680.8434  0  
4032.5778999999998  10661.5906  0  
4032.5854999999997  10642.572  0  
4032.5854999999997  10623.6481  0  
4032.5854999999997  10604.660800000001  0  
4032.5854999999997  10585.955  0  
4032.5854999999997  10567.1082  0  
4032.5854999999997  10548.4024  0  
4032.5854999999997  10529.6806  0  
4032.5854999999997  10511.099199999999  0  
4032.5935  10492.4713  0  
4032.5778999999998  10473.735  0  
4032.5778999999998  10455.0758  0  
4032.5699  10436.3853  0  
4032.5623  10417.3828  0  
4032.5465999999997  10398.6298  0  
4032.5305999999996  10379.377  0  
4032.5229999999997  10360.311099999999  0  
4032.4993  10341.0271  0  
4032.4837  10323.024  0  
4032.4604  10304.8035  0  
4032.4291000000003  10286.5509  0  
4032.4058999999997  10268.5478  0  
4032.3822  10250.3418  0  
4032.3509000000004  10232.025899999999  0  
4032.3196000000003  10213.5864  0  
4032.2963999999997  10195.1149  0  
4032.2651  10176.3779  0  
4032.2414000000003  10157.4997  0  
4032.2105  10138.2469  0  
4032.1869  10118.868999999999  0  
4032.1636  10099.4751  0  
4032.14  10079.644  0  
4032.1167000000005  10059.6725  0  
4032.1011  10039.529400000001  0  
4032.093  10018.7759  0  
4032.0854  9997.9286  0  
4032.0698  9976.8631  0  
4032.0698  9955.360400000001  0  
4032.0698  9945.1706  0  
4032.0698  9932.325  0  
4032.0698  9917.0105  0  
4032.0698  9899.7261  0  
4032.0698  9880.661  0  
4032.0698  9859.9548  0  
4032.0698  9837.827299999999  0  
4032.0698  9814.6042  0  
4032.0698  9790.570099999999  0  
4032.0698  9766.1285  0  
4032.0698  9741.296400000001  0  
4032.0698  9716.7618  0  
4032.0698  9692.5087  0  
4032.0698  9669.0987  0  
4032.0698  9646.7361  0  
4032.0698  9625.669899999999  0  
4032.0698  9606.4011  0  
4032.0698  9588.8992  0  
4032.0698  9573.912  0  
4032.0698  9561.8164  0  
4032.0698  9544.1422  0  
4032.0698  9526.108600000001  0  
4032.0698  9507.7301  0  
4032.0698  9489.3837  0  
4032.0698  9470.8817  0  
4032.0698  9452.269  0  
4032.0698  9433.532  0  
4032.0698  9414.6851  0  
4032.0698  9395.7451  0  
4032.0698  9376.7105  0  
4032.0698  9357.7232  0  
4032.0698  9338.4079  0  
4032.0698  9319.1551  0  
4032.0698  9299.8238  0  
4032.0698  9280.3833  0  
4032.0698  9261.083999999999  0  
4032.0698  9241.581  0  
4032.0698  9222.0314  0  
4032.0698  9202.8404  0  
4032.0698  9183.3061  0  
4032.0698  9164.5691  0  
4032.0698  9145.1912  0  
4032.0698  9125.9079  0  
4032.0698  9106.3736  0  
4032.0698  9086.573  0  
4032.0698  9066.9449  0  
4032.0698  9047.364  0  
4032.0698  9027.5177  0  
4032.0698  9007.639299999999  0  
4032.0698  8987.855500000001  0  
4032.0698  8968.008399999999  0  
4032.0698  8948.1934  0  
4032.0698  8928.5965  0  
4032.0698  8909.109499999999  0  
4032.0698  8889.6065  0  
4032.0698  8870.2751  0  
4032.0698  8851.3351  0  
4032.0698  8832.238  0  
4032.0698  8813.6269  0  
4032.0698  8795.124099999999  0  
4032.0698  8775.6363  0  
4032.0698  8756.0867  0  
4032.0698  8736.4586  0  
4032.0698  8716.7374  0  
4032.0698  8697.140500000001  0  
4032.0698  8677.4185  0  
4032.0698  8657.6347  0  
4032.0698  8638.146999999999  0  
4032.0698  8618.7538  0  
4032.0698  8599.2661  0  
4032.0698  8580.154400000001  0  
4032.0698  8561.1198  0  
4032.0698  8542.4141  0  
4032.0698  8523.9113  0  
4032.0698  8505.6892  0  
4032.0698  8487.561  0  
4032.0698  8469.9966  0  
4032.0698  8452.5566  0  
4032.0698  8435.6171  0  
4032.0698  8419.0201  0  
4032.0698  8396.0167  0  
4032.0698  8374.482  0  
4032.0698  8354.2915  0  
4032.0698  8335.508  0  
4032.0698  8317.6613  0  
4032.0698  8300.5493  0  
4032.0698  8284.0469  0  
4032.0698  8268.0763  0  
4032.0698  8252.1355  0  
4032.0698  8236.274  0  
4032.0698  8220.2713  0  
4032.0698  8203.784899999999  0  
4032.0698  8186.7828  0  
4032.0698  8168.9048999999995  0  
4032.0698  8150.0732  0  
4032.0698  8130.1642999999995  0  
4032.0698  8108.802  0  
4032.0698  8086.032899999999  0  
4032.0698  8061.5601  0  
4032.0698  8035.1814  0  
4032.0698  8017.163100000001  0  
4032.0698  7998.7076  0  
4032.0698  7979.8294  0  
4032.0698  7961.107599999999  0  
4032.0698  7941.932699999999  0  
4032.0698  7922.5548  0  
4032.0698  7902.958700000001  0  
4032.0698  7883.252  0  
4032.0698  7863.6871  0  
4032.0698  7843.7775  0  
4032.0698  7824.243199999999  0  
4032.0698  7804.5998  0  
4032.0698  7784.847299999999  0  
4032.0698  7765.4533  0  
4032.0698  7746.2471  0  
4032.0698  7726.994299999999  0  
4032.0698  7708.273300000001  0  
4032.0698  7689.7392  0  
4032.0698  7671.6583  0  
4032.0698  7653.8429  0  
4032.0698  7634.090399999999  0  
4032.0698  7614.3532  0  
4032.0698  7594.5374  0  
4032.0698  7574.5033  0  
4032.0698  7554.484600000001  0  
4032.0698  7534.4185  0  
4032.0698  7514.3532  0  
4032.0698  7494.4756  0  
4032.0698  7474.5193  0  
4032.0698  7454.5631  0  
4032.0698  7434.8106  0  
4032.0698  7415.2451  0  
4032.0698  7395.945000000001  0  
4032.0698  7376.7387  0  
4032.0698  7357.486  0  
4032.0698  7338.732899999999  0  
4032.0698  7320.3552  0  
4032.0698  7302.040100000001  0  
4032.0698  7284.193399999999  0  
4032.0698  7266.6603  0  
4032.0698  7242.6094  0  
4032.0618000000004  7220.7314  0  
4032.0698  7200.587500000001  0  
4032.0541  7164.6759  0  
4032.0380999999998  7133.1711  0  
4032.0148000000004  7104.291499999999  0  
4031.9836  7075.8499  0  
4031.9522999999995  7046.2364  0  
4031.921  7013.1530999999995  0  
4031.8897  6974.897  0  
4031.8584  6929.562400000001  0  
4031.8351999999995  6886.571499999999  0  
4031.8115  6851.7227  0  
4031.7883  6816.3116  0  
4031.765  6780.493199999999  0  
4031.7413  6744.5815999999995  0  
4031.7257  6708.5136  0  
4031.7101000000002  6672.5555  0  
4031.6944  6636.894200000001  0  
4031.6944  6601.747899999999  0  
4031.6944  6567.008199999999  0  
4031.7024  6530.0652  0  
4031.7101000000002  6491.168999999999  0  
4031.7101000000002  6453.9131  0  
4031.7180999999996  6417.7361  0  
4031.7257  6382.1991  0  
4031.7413  6347.319  0  
4031.765  6312.1731  0  
4031.8039  6277.3083  0  
4031.8665  6241.7248  0  
4031.9522999999995  6205.3291  0  
4032.0774  6162.6663  0  
4032.2105  6118.5345  0  
4032.3352999999997  6079.2629  0  
4032.4759999999997  6042.5545  0  
4032.6168000000002  6007.8461  0  
4032.7888000000003  5973.3723  0  
4032.9762  5938.4609  0  
4033.1874999999995  5901.6743  0  
4033.453  5862.1215999999995  0  
4033.7578  5818.3647  0  
4034.0393  5778.0464  0  
4034.2972000000004  5742.0723  0  
4034.5867  5703.4569  0  
4034.8835  5663.0131  0  
4035.1807  5621.8353  0  
4035.4855000000002  5580.2666  0  
4035.7903  5538.6822  0  
4036.0793999999996  5498.1293000000005  0  
4036.3529  5459.154500000001  0  
4036.6031999999996  5422.6963  0  
4036.8298000000004  5388.1752  0  
4037.0719999999997  5350.951  0  
4037.3142000000003  5311.5851999999995  0  
4037.5568000000003  5271.6419000000005  0  
4037.8067  5230.386  0  
4038.0413  5189.114  0  
4038.2603000000004  5147.3892  0  
4038.4556000000002  5106.8832  0  
4038.6353  5067.033  0  
4038.7684  5029.4651  0  
4038.8775  4994.0224  0  
4038.9716999999996  4957.1575  0  
4039.0732  4918.7298  0  
4039.167  4878.8021  0  
4039.2605000000003  4838.0772  0  
4039.3467  4796.9456  0  
4039.4404999999997  4756.0650000000005  0  
4039.5107000000003  4716.3246  0  
4039.5813  4677.6627  0  
4039.6439  4640.9534  0  
4039.6828  4606.0894  0  
4039.7216999999996  4569.646500000001  0  
4039.761  4530.1086  0  
4039.7841999999996  4488.524600000001  0  
4039.8155  4445.8153  0  
4039.8311999999996  4402.6367  0  
4039.8468000000003  4360.0677  0  
4039.8547999999996  4318.2335  0  
4039.8628000000003  4278.5244  0  
4039.8628000000003  4241.8159000000005  0  
4039.8628000000003  4207.216600000001  0  
4039.8628000000003  4169.617499999999  0  
4039.8468000000003  4129.7207  0  
4039.8155  4087.8082  0  
4039.7841999999996  4045.1771  0  
4039.753  4002.6707  0  
4039.6984  3960.6174  0  
4039.6358  3918.9392  0  
4039.5657  3879.1988  0  
4039.4798  3841.8495  0  
4039.3935999999994  3808.2664  0  
4039.2998  3773.2925  0  
4039.2059000000004  3735.1306999999997  0  
4039.1045  3694.9215000000004  0  
4038.995  3652.8057  0  
4038.8775  3610.3462  0  
4038.7527  3568.074  0  
4038.6276000000003  3527.7554  0  
4038.4948999999997  3489.7499000000003  0  
4038.3460999999998  3455.1665999999996  0  
4038.1897000000004  3424.115  0  
4038.0257  3390.6726999999996  0  
4037.8304  3353.8387000000002  0  
4037.6427  3315.2549999999997  0  
4037.4316999999996  3274.7020999999995  0  
4037.2128  3233.9458  0  
4036.9942  3192.7677  0  
4036.7828000000004  3153.5744  0  
4036.5719  3116.1938  0  
4036.3686000000002  3082.2668  0  
4036.1732  3050.7622  0  
4035.9547  3015.288  0  
4035.7044  2975.8134999999997  0  
4035.4304999999995  2933.8851999999997  0  
4035.1494000000002  2890.1754  0  
4034.8678999999997  2845.4502  0  
4034.5787  2801.3655  0  
4034.3052  2758.9216  0  
4034.0549  2718.556  0  
4033.8203  2682.0663  0  
4033.6094000000003  2649.7959  0  
4033.3984  2615.4001000000003  0  
4033.1795  2578.9726  0  
4032.9529  2540.7951000000003  0  
4032.7263000000003  2502.2112  0  
4032.5073  2463.0178  0  
4032.2884000000004  2424.2931  0  
4032.0854  2386.1156  0  
4031.8741000000005  2349.5789  0  
4031.6944  2315.3862  0  
4031.5224  2283.1629  0  
4031.3347  2247.7512  0  
4031.1317000000004  2208.4483999999998  0  
4030.9128  2167.3325999999997  0  
4030.6938  2124.5294999999996  0  
4030.4671999999996  2080.5386  0  
4030.2483  2037.7041  0  
4030.0449  1996.5103  0  
4029.842  1957.7702  0  
4029.6622999999995  1922.4836  0  
4029.5059  1890.3851  0  
4029.3262  1856.3799  0  
4029.2324  1838.5336  0  
4029.0367000000006  1801.4654  0  
4028.8494  1763.2097  0  
4028.6540999999997  1724.5945  0  
4028.4428  1685.2136999999998  0  
4028.2398000000003  1646.3797  0  
4028.0518  1609.1085  0  
4027.8644999999997  1572.9468000000002  0  
4027.6924  1539.7231  0  
4027.5126999999998  1504.6397000000002  0  
4027.3331  1469.6657  0  
4027.153  1434.6292  0  
4026.9733  1399.8583999999998  0  
4026.7857  1364.7906  0  
4026.606  1329.2540000000001  0  
4026.4183000000003  1293.9363  0  
4026.2386  1258.6809  0  
4026.0429000000004  1222.5037  0  
4025.8556  1186.5607  0  
4025.6912  1155.8529999999998  0  
4025.4959  1120.9571  0  
4025.2850000000003  1082.6389000000001  0  
4025.0504  1042.211  0  
4024.8080999999997  1000.3453000000001  0  
4024.5659000000005  959.0735000000001  0  
4024.3237  918.8643000000001  0  
4024.2061999999996  899.4395000000001  0  
4023.9638999999997  862.3246  0  
4023.753  829.2884000000001  0  
4023.542  798.5807  0  
4023.2918  763.5754000000001  0  
4023.0182999999997  725.9136  0  
4022.8775  705.9731  0  
4022.596  665.17  0  
4022.2992  623.3513  0  
4021.9943999999996  581.5794000000001  0  
4021.6971999999996  539.8231  0  
4021.4237  500.4579  0  
4021.1657999999998  463.5304  0  
4020.9311999999995  430.43170000000003  0  
4020.6966  395.1608  0  
4020.4543999999996  356.8895  0  
4020.2122000000004  315.7427  0  
4019.9776  273.33  0  
4019.7429999999995  229.85479999999998  0  
4019.5087000000003  186.3795  0  
4019.2974  144.1232  0  
4019.0865000000003  103.0076  0  
4018.9067999999997  64.4706  0  
4018.7427999999995  29.043400000000002  0  
4018.602  -6.3994  0  
4018.4849  -45.2959  0  
4018.3987  -87.0521  0  
4018.3437  -131.2775  0  
4018.3205000000003  -176.3937  0  
4018.3281  -222.43179999999998  0  
4018.3678  -267.3135  0  
4018.4455999999996  -309.72610000000003  0  
4018.5550999999996  -350.2791  0  
4018.7035  -386.4408  0  
4018.8755  -419.5864  0  
4019.0632  -455.748  0  
4019.2585  -493.8475  0  
4019.4775  -533.3221  0  
4019.696  -573.1562  0  
4019.923  -613.7561  0  
4020.1571999999996  -653.8403  0  
4020.3918000000003  -691.9709  0  
4020.6184  -728.7265  0  
4020.8454  -762.9191  0  
4021.1033  -799.5965  0  
4021.3692  -837.4616  0  
4021.6423  -876.2486000000001  0  
4021.9161999999997  -915.6764000000001  0  
4022.2054  -956.2137  0  
4022.4789  -996.1884  0  
4022.76  -1035.8663999999999  0  
4023.0182999999997  -1074.919  0  
4023.2684999999997  -1113.1435  0  
4023.5107  -1149.6177  0  
4023.7453  -1185.2793  0  
4023.9719  -1221.5035  0  
4024.2061999999996  -1257.6652  0  
4024.4331  -1294.155  0  
4024.6597  -1329.9885  0  
4024.855  -1365.2906  0  
4025.0504  -1400.421  0  
4025.2147999999997  -1434.5823  0  
4025.3475000000003  -1468.2749  0  
4025.4489999999996  -1500.264  0  
4025.5665  -1544.7083  0  
4025.6443  -1582.7296000000001  0  
4025.6912  -1615.6562999999999  0  
4025.7149  -1646.0203  0  
4025.7229  -1675.1964999999998  0  
4025.6991999999996  -1704.4977  0  
4025.668  -1735.7838000000002  0  
4025.621  -1771.039  0  
4025.5665  -1811.2482  0  
4025.5116000000003  -1858.177  0  
4025.4725999999996  -1892.6041000000002  0  
4025.4333  -1926.1091000000001  0  
4025.3943999999997  -1959.5203000000001  0  
4025.3475000000003  -1992.5097  0  
4025.3006  -2025.2333  0  
4025.2536999999998  -2058.1446  0  
4025.2068  -2091.1964000000003  0  
4025.1675  -2124.5294999999996  0  
4025.1209000000003  -2158.4253  0  
4025.0816  -2192.4303  0  
4025.0504  -2225.6384000000003  0  
4025.0034  -2259.4873  0  
4024.9565  -2294.0861  0  
4024.9175999999998  -2329.0291  0  
4024.8863  -2364.0809999999997  0  
4024.855  -2399.102  0  
4024.8318  -2434.029  0  
4024.8161000000005  -2467.8154  0  
4024.8161000000005  -2501.2892  0  
4024.8318  -2533.9817  0  
4024.855  -2566.1894  0  
4024.8943  -2600.5074  0  
4024.9332000000004  -2636.3720000000003  0  
4024.9802000000004  -2673.5649  0  
4025.0427  -2711.4458  0  
4025.1209000000003  -2749.2637999999997  0  
4025.1987  -2786.4414  0  
4025.3006  -2821.9936000000002  0  
4025.4021000000002  -2855.6704  0  
4025.5272  -2886.6438  0  
4025.6836  -2918.4299  0  
4025.8713  -2952.1381  0  
4026.0899000000004  -2987.2526000000003  0  
4026.3244999999997  -3023.0861999999997  0  
4026.5822999999996  -3059.3571  0  
4026.8482  -3095.4878  0  
4027.1374  -3131.1491  0  
4027.4265  -3165.5294000000004  0  
4027.7161  -3198.5499999999997  0  
4027.9972000000002  -3229.2419000000004  0  
4028.31  -3260.6686000000004  0  
4028.6540999999997  -3293.6732999999995  0  
4029.0291  -3328.3195  0  
4029.4353  -3364.2155000000002  0  
4029.8576  -3400.2834  0  
4030.2719  -3436.0228999999995  0  
4030.6938  -3471.6845999999996  0  
4031.1085  -3506.4242999999997  0  
4031.5067  -3539.3977999999997  0  
4031.8821  -3570.3712000000005  0  
4032.2651  -3600.3292  0  
4032.687  -3633.0685000000003  0  
4033.1638  -3667.7765  0  
4033.6486999999997  -3703.4382  0  
4034.1412  -3740.303  0  
4034.6336  -3777.7617999999998  0  
4035.0868  -3814.6893  0  
4035.5091  -3850.7259  0  
4035.8685  -3885.075  0  
4036.1576  -3917.1576999999997  0  
4036.3842  -3945.9278  0  
4036.6576999999997  -3977.6981  0  
4036.9629000000004  -4011.969  0  
4037.2753000000002  -4047.4117  0  
4037.5881  -4084.1361999999995  0  
4037.8849  -4120.7821  0  
4038.1584  -4156.8188  0  
4038.393  -4191.7461  0  
4038.5573999999997  -4224.9229  0  
4038.6665000000003  -4255.458500000001  0  
4038.7527  -4292.0105  0  
4038.8542  -4327.6409  0  
4038.9481000000005  -4362.0525  0  
4039.0419  -4395.4327  0  
4039.1121  -4428.5156  0  
4039.1514  -4462.177299999999  0  
4039.1514  -4495.713400000001  0  
4039.1121  -4529.6089  0  
4039.0106000000005  -4564.879599999999  0  
4038.8385999999996  -4601.0100999999995  0  
4038.6822  -4626.4046  0  
4038.4948999999997  -4658.894  0  
4038.2446  -4697.3061  0  
4037.9787  -4739.4844  0  
4037.6976  -4784.1782  0  
4037.4004  -4828.9349  0  
4037.1113  -4871.9883  0  
4036.8454  -4912.4634  0  
4036.5955  -4947.2969  0  
4036.3998  -4974.1444  0  
4036.1576  -5004.0394  0  
4035.8528  -5038.0913  0  
4035.5091  -5075.1907  0  
4035.1414  -5114.1029  0  
4034.7664  -5154.7337  0  
4034.3986999999997  -5195.161800000001  0  
4034.0629999999996  -5235.1521  0  
4033.7657999999997  -5273.0488000000005  0  
4033.5159  -5308.6948  0  
4033.3435  -5340.2615  0  
4033.2031  -5371.8445  0  
4033.0235000000002  -5408.2718  0  
4032.8358000000003  -5447.9965  0  
4032.6405  -5490.0967  0  
4032.4604  -5533.681500000001  0  
4032.2884000000004  -5577.219  0  
4032.1556  -5619.4443  0  
4032.0541  -5659.6062  0  
4032.0148000000004  -5696.6434  0  
4032.0380999999998  -5728.054  0  
4032.093  -5759.3559  0  
4032.1556  -5795.2518  0  
4032.2182  -5835.2421  0  
4032.2727  -5877.4204  0  
4032.3196000000003  -5920.6615  0  
4032.3588999999997  -5964.7461  0  
4032.3822  -6006.7055  0  
4032.4134999999997  -6047.1802  0  
4032.4211  -6083.4515  0  
4032.4211  -6114.7686  0  
4032.4058999999997  -6146.0388  0  
4032.3746  -6180.2471  0  
4032.3433  -6216.6897  0  
4032.2963999999997  -6254.3831  0  
4032.2414000000003  -6293.1232  0  
4032.1869  -6331.691699999999  0  
4032.1322999999998  -6369.619000000001  0  
4032.0774  -6405.8121  0  
4032.0305  -6439.3951  0  
4031.9991999999997  -6469.3687  0  
4031.9679  -6500.5455  0  
4031.929  -6535.8635  0  
4031.8741000000005  -6573.1499  0  
4031.8195000000005  -6612.5153  0  
4031.7726000000002  -6652.755  0  
4031.7257  -6693.0588  0  
4031.6868  -6732.736199999999  0  
4031.6631  -6770.8359  0  
4031.6631  -6806.465900000001  0  
4031.6868  -6838.6276  0  
4031.7180999999996  -6869.912700000001  0  
4031.7570000000005  -6904.3716  0  
4031.8039  -6941.626700000001  0  
4031.8508  -6980.9608  0  
4031.9134  -7021.123500000001  0  
4031.9912000000004  -7061.348  0  
4032.0698  -7101.1505  0  
4032.1711999999998  -7138.6566  0  
4032.2807  -7174.396500000001  0  
4032.4058999999997  -7206.963299999999  0  
4032.5465999999997  -7242.312599999999  0  
4032.6560999999997  -7277.1614  0  
4032.7419  -7312.0109999999995  0  
4032.8121  -7348.2658  0  
4032.8747  -7384.208700000001  0  
4032.9136  -7421.4645  0  
4032.9372  -7458.8607999999995  0  
4032.9685  -7496.9604  0  
4032.9918  -7535.7315  0  
4033.0074000000004  -7575.784299999999  0  
4033.0154  -7605.851699999999  0  
4033.0154  -7639.372299999999  0  
4032.9998000000005  -7675.174  0  
4032.9842  -7712.226900000001  0  
4032.9605  -7750.389099999999  0  
4032.9292  -7789.175400000001  0  
4032.8978999999995  -7826.462600000001  0  
4032.8667000000005  -7862.171200000001  0  
4032.8358000000003  -7896.707899999999  0  
4032.8045  -7927.7748  0  
4032.7731999999996  -7959.5298999999995  0  
4032.7339  -7992.878000000001  0  
4032.6714  -8027.3521  0  
4032.6168000000002  -8062.5603  0  
4032.5465999999997  -8097.7997000000005  0  
4032.4837  -8133.8364  0  
4032.4211  -8169.1086  0  
4032.3352999999997  -8221.006800000001  0  
4032.2651  -8269.3573  0  
4032.1793  -8323.0682  0  
4032.0774  -8377.076700000001  0  
4031.9522999999995  -8430.397  0  
4031.8584  -8483.7959  0  
4031.8039  -8535.865800000001  0  
4031.7959  -8586.0458  0  
4031.8584  -8636.5059  0  
4031.8897  -8691.8739  0  
4031.8821  -8749.9763  0  
4031.8897  -8807.8758  0  
4031.9836  -8864.212000000001  0  
4032.2024999999994  -8920.548200000001  0  
4032.6092000000003  -8974.6193  0  
4033.1326  -9021.4851  0  
4033.7425000000003  -9073.790700000001  0  
4034.4536  -9133.5342  0  
4035.2119000000002  -9196.5271  0  
4036.0011999999997  -9258.9897  0  
4036.7596  -9315.9828  0  
4037.4397000000004  -9362.9585  0  
4038.1976999999997  -9410.2783  0  
4039.0652000000005  -9464.537  0  
4039.9876  -9521.5134  0  
4040.9336000000003  -9579.1939  0  
4041.8480000000004  -9635.1089  0  
4042.7311000000004  -9688.8824  0  
4043.5519999999997  -9738.2812  0  
4044.3882000000003  -9788.5223  0  
4045.303  -9844.3901  0  
4046.3036  -9904.7585  0  
4047.2960999999996  -9965.5327  0  
4048.2342000000003  -10022.6196  0  
4049.0623  -10074.1432  0  
4049.852  -10123.9326  0  
4050.6649  -10177.1591  0  
4051.4541999999997  -10231.9321  0  
4052.2205  -10287.0819  0  
4052.9629  -10342.0425  0  
4053.6587  -10395.52  0  
4054.3072  -10446.167800000001  0  
4055.1124999999997  -10505.1453  0  
4056.0268  -10562.966900000001  0  
4057.0274  -10621.3348  0  
4058.0513000000005  -10678.4058  0  
4059.0598999999997  -10733.523599999999  0  
4059.9899  -10785.202800000001  0  
4060.7948  -10833.0704  0  
4061.6859  -10884.8122  0  
4062.6629000000003  -10940.1947  0  
4063.6477999999997  -10996.7194  0  
4064.6172  -11053.7285  0  
4065.5003  -11108.4236  0  
4066.2666  -11159.8686  0  
4066.9308  -11209.4864  0  
4067.6730999999995  -11263.15  0  
4068.4628  -11320.299500000001  0  
4069.2444  -11379.5425  0  
4069.9478  -11436.4883  0  
4070.5418  -11491.6374  0  
4070.9484  -11541.4413  0  
4071.2532  -11590.698999999999  0  
4071.5736  -11646.2547  0  
4071.8708  -11706.279  0  
4072.1054000000004  -11766.1469  0  
4072.2617999999998  -11824.781  0  
4072.3007000000002  -11878.288999999999  0  
4072.2304999999997  -11927.4681  0  
4072.496  -11983.3672  0  
4073.1838000000002  -12042.4538  0  
4074.2237000000005  -12102.979299999999  0  
4075.5054  -12161.879  0  
4076.9512  -12217.4179  0  
4078.4992  -12268.5974  0  
4080.1483  -12322.448699999999  0  
4081.3442  -12380.989099999999  0  
4082.0946  -12440.9988  0  
4082.5325  -12501.351200000001  0  
4082.8136  -12560.453800000001  0  
4083.1108  -12617.525500000002  0  
4083.572  -12669.5015  0  
4083.4705  -12721.8689  0  
4082.7041999999997  -12762.281  0  
4081.4148000000005  -12805.021700000001  0  
4079.6326  -12849.3088  0  
4077.3186  -12895.159899999999  0  
4074.4968  -12940.8066  0  
4071.1906  -12984.6893  0  
4067.5091  -13024.8047  0  
4063.398  -13060.794100000001  0  
4058.8718  -13091.471899999999  0  
4052.6505  -13124.7421  0  
4044.8729999999996  -13160.8246  0  
4035.2432  -13201.267999999998  0  
4024.5502  -13242.8375  0  
4012.7163000000005  -13285.8902  0  
4000.9757999999997  -13326.2558  0  
3988.4853  -13366.8091  0  
3976.0337999999997  -13404.8935  0  
3963.5039999999995  -13440.6631  0  
3953.7804  -13466.5894  0  
3944.0647  -13492.3279  0  
3931.8085000000005  -13524.739099999999  0  
3917.2935  -13562.7914  0  
3901.5434  -13603.5629  0  
3885.0197000000003  -13645.616100000001  0  
3868.8316  -13685.841400000001  0  
3852.5581  -13725.0031  0  
3836.8004  -13761.2122  0  
3822.1992  -13792.4667  0  
3808.1294999999996  -13819.532799999999  0  
3792.4732  -13848.4283  0  
3775.8011  -13878.4317  0  
3758.6754  -13908.5785  0  
3740.6036  -13939.738500000001  0  
3722.1725  -13970.931999999999  0  
3703.2882999999997  -14002.3575  0  
3682.9735  -14035.6918  0  
3662.3848000000003  -14068.992600000001  0  
3641.1476000000002  -14102.951  0  
3621.1609000000003  -14134.4559  0  
3602.4096999999997  -14162.913499999999  0  
3582.9388000000004  -14191.369599999998  0  
3562.804  -14219.7021  0  
3541.8167  -14248.1918  0  
3520.1576000000005  -14276.5869  0  
3498.3341000000005  -14304.278600000001  0  
3475.1820000000002  -14332.782000000001  0  
3451.4904  -14361.1145  0  
3426.9233999999997  -14389.7125  0  
3401.8250000000003  -14418.357800000002  0  
3377.6333  -14446.0648  0  
3354.575  -14472.537199999999  0  
3331.5712  -14498.760999999999  0  
3308.0750000000003  -14525.170900000001  0  
3284.243  -14551.3306  0  
3259.4021  -14577.787799999998  0  
3233.8504999999996  -14604.0573  0  
3206.5712  -14630.9677  0  
3176.9859  -14658.940100000002  0  
3148.761  -14684.6466  0  
3122.2477000000003  -14708.8226  0  
3095.6877  -14733.0917  0  
3068.6193  -14757.6889  0  
3040.9338000000002  -14782.598899999999  0  
3013.1464  -14807.1655  0  
2984.9682000000003  -14831.5292  0  
2956.1413000000002  -14855.751  0  
2926.5329  -14879.7226  0  
2896.7210999999998  -14902.8366  0  
2869.5356  -14923.042300000001  0  
2842.6237  -14942.9047  0  
2813.1636  -14964.549299999999  0  
2782.1247  -14987.2086  0  
2749.757  -15010.618600000002  0  
2716.881  -15034.0912  0  
2683.6769  -15057.4219  0  
2650.8247  -15080.0186  0  
2619.1759  -15101.210000000001  0  
2589.4505  -15120.368999999999  0  
2565.5398999999998  -15135.1044  0  
2540.5038999999997  -15150.2487  0  
2508.8788999999997  -15169.252  0  
2472.1964  -15191.175799999999  0  
2432.4656  -15214.8056  0  
2391.32  -15239.198300000002  0  
2350.7372  -15263.1088  0  
2312.6635  -15285.4248  0  
2279.4437  -15304.6768  0  
2252.6726  -15319.9615  0  
2227.4021000000002  -15333.8379  0  
2195.6049  -15350.5585  0  
2160.7752  -15368.2648  0  
2123.913  -15386.5341  0  
2085.2765999999997  -15405.3329  0  
2046.1163  -15424.118000000002  0  
2007.0656  -15442.6208  0  
1969.6874999999998  -15460.137900000002  0  
1933.8256999999999  -15476.828000000001  0  
1901.1219  -15491.940299999998  0  
1870.4739  -15505.957  0  
1835.2766  -15521.2112  0  
1795.2332  -15537.837200000002  0  
1751.5472  -15555.308500000001  0  
1704.9769999999999  -15573.327599999999  0  
1657.7738  -15591.0324  0  
1610.4923  -15608.1299  0  
1564.6413  -15624.0692  0  
1521.0336  -15638.5101  0  
1481.2948999999999  -15650.791899999998  0  
1444.98  -15661.059599999999  0  
1406.2340000000002  -15671.920800000002  0  
1364.4865  -15683.5632  0  
1321.3243  -15695.5017  0  
1276.5129  -15707.707199999999  0  
1231.0527  -15719.7861  0  
1185.9833  -15731.367499999998  0  
1142.1489  -15742.1188  0  
1099.9638  -15751.838699999998  0  
1060.4753  -15760.1364  0  
1024.3086999999998  -15766.8411  0  
985.2579999999999  -15773.497000000001  0  
941.5721  -15780.609100000001  0  
894.5408  -15787.9227  0  
845.0707  -15795.313999999998  0  
795.1863999999999  -15802.4719  0  
745.6695  -15809.252900000001  0  
698.3334  -15815.411399999999  0  
653.8736  -15820.8176  0  
613.8692  -15825.2243  0  
578.2186  -15828.5217  0  
537.8078  -15831.2408  0  
492.71500000000003  -15833.4915  0  
444.4487  -15835.3195  0  
393.6733  -15836.7889  0  
342.3664  -15837.8983  0  
291.38779999999997  -15838.7268  0  
242.6994  -15839.274599999999  0  
196.9109  -15839.6179  0  
156.11710000000002  -15839.7736  0  
124.74199999999999  -15839.7903  0  
90.4046  -15839.648399999998  0  
47.078199999999995  -15839.367699999999  0  
-3.4783  -15838.897700000001  0  
-58.271300000000004  -15838.2568  0  
-114.85430000000001  -15837.429800000002  0  
-170.6712  -15836.4136  0  
-223.5805  -15835.1791  0  
-270.6431  -15833.741800000002  0  
-308.9513  -15832.0847  0  
-342.8745  -15829.8035  0  
-383.5823  -15826.6785  0  
-428.1983  -15823.036200000002  0  
-475.25320000000005  -15818.957499999999  0  
-523.4725  -15814.5676  0  
-572.2  -15809.878499999999  0  
-620.3960000000001  -15805.0018  0  
-666.7786000000001  -15800.0336  0  
-710.6677000000001  -15794.986  0  
-750.6642  -15790.000900000001  0  
-787.2997  -15784.968599999998  0  
-826.9522999999999  -15779.0924  0  
-870.0598  -15772.357199999999  0  
-915.5982  -15764.9185  0  
-962.3715000000001  -15757.0267  0  
-1009.6843  -15748.7442  0  
-1056.7468  -15740.211500000001  0  
-1102.0194999999999  -15731.710799999999  0  
-1144.9863  -15723.287999999999  0  
-1184.0213999999999  -15715.2557  0  
-1219.7346  -15707.3792  0  
-1259.2621  -15697.6425  0  
-1302.1273  -15686.2976  0  
-1347.8064  -15673.608400000001  0  
-1395.7834  -15659.793099999999  0  
-1443.7057  -15645.6665  0  
-1490.9091  -15631.462099999999  0  
-1536.5178  -15617.5369  0  
-1579.852  -15604.2221  0  
-1618.4571999999998  -15592.283599999999  0  
-1653.9358  -15581.1249  0  
-1692.0877  -15567.7338  0  
-1732.3578000000002  -15552.3865  0  
-1774.3164  -15535.4309  0  
-1816.6344  -15517.5842  0  
-1860.2968  -15498.6435  0  
-1903.5294000000001  -15479.469299999999  0  
-1945.5191  -15460.6064  0  
-1985.9533  -15442.3553  0  
-2023.8474  -15425.289900000002  0  
-2057.3328  -15410.2875  0  
-2089.81  -15395.1279  0  
-2123.8581  -15378.642300000001  0  
-2160.0561  -15360.560599999999  0  
-2196.5664  -15341.854900000002  0  
-2232.8346  -15322.8058  0  
-2269.3214000000003  -15303.2394  0  
-2305.0894  -15283.58  0  
-2339.122  -15264.4836  0  
-2371.6461  -15245.7153  0  
-2403.9669  -15226.556400000001  0  
-2440.4541  -15204.6005  0  
-2479.661  -15180.7053  0  
-2520.2126  -15155.7343  0  
-2561.952  -15129.7455  0  
-2603.9106  -15103.273  0  
-2645.0717999999997  -15076.8936  0  
-2684.3649  -15051.312300000001  0  
-2721.1411  -15026.8402  0  
-2754.4077  -15004.0863  0  
-2784.2506  -14982.8949  0  
-2814.0937999999996  -14961.033599999999  0  
-2844.5699999999997  -14938.1378  0  
-2875.3275  -14914.494300000002  0  
-2906.7025999999996  -14889.8499  0  
-2936.655  -14865.846300000001  0  
-2966.1543  -14841.7648  0  
-2995.0592  -14817.7139  0  
-3022.9872  -14794.0384  0  
-3050.0162  -14770.675700000002  0  
-3076.2951000000003  -14747.3907  0  
-3103.9184999999998  -14722.027600000001  0  
-3132.0885  -14695.2744  0  
-3161.0562999999997  -14666.973899999999  0  
-3190.2426  -14637.750199999999  0  
-3218.9602  -14608.3389  0  
-3247.0211  -14578.990200000002  0  
-3274.1126999999997  -14550.096099999999  0  
-3300.5867000000003  -14521.2784  0  
-3324.9508  -14494.227599999998  0  
-3347.7276  -14468.177800000001  0  
-3371.3566  -14439.314300000002  0  
-3396.7284999999997  -14406.7627  0  
-3423.3437000000004  -14371.302800000001  0  
-3449.474  -14335.5484  0  
-3475.5099999999998  -14299.168399999999  0  
-3501.2264  -14262.631200000002  0  
-3526.2309999999998  -14226.672400000001  0  
-3549.8050999999996  -14192.448400000001  0  
-3571.0735  -14161.428799999998  0  
-3589.3326  -14134.315499999999  0  
-3607.6701999999996  -14104.4037  0  
-3628.0003  -14068.8217  0  
-3649.144  -14029.9866  0  
-3671.0845999999997  -13988.183599999998  0  
-3692.7437  -13945.692399999998  0  
-3713.7699  -13903.436300000001  0  
-3733.6472  -13862.6328  0  
-3751.6483000000003  -13824.8932  0  
-3766.8667  -13792.2318  0  
-3778.8025  -13765.681499999999  0  
-3791.8480000000004  -13734.3323  0  
-3806.4102  -13697.5784  0  
-3822.551  -13655.4153  0  
-3839.5279  -13609.751900000001  0  
-3856.0909  -13564.1357  0  
-3872.7322  -13517.160000000002  0  
-3887.9978  -13472.778299999998  0  
-3901.3012000000003  -13432.662999999999  0  
-3912.1502  -13398.095699999998  0  
-3919.9356000000002  -13370.512400000001  0  
-3927.6348  -13339.0396  0  
-3936.8267000000005  -13298.095699999998  0  
-3946.7537  -13251.12  0  
-3956.7818  -13201.300000000001  0  
-3967.1543  -13147.2443  0  
-3976.8311  -13094.2688  0  
-3985.6087  -13043.3075  0  
-3993.0110999999997  -12996.675099999999  0  
-3998.5451  -12957.0602  0  
-4002.4532  -12921.8842  0  
-4006.2987999999996  -12883.377100000002  0  
-4010.1604  -12842.495700000001  0  
-4014.0372999999995  -12799.4118  0  
-4017.9298000000003  -12754.0924  0  
-4021.5878  -12709.8358  0  
-4025.2147999999997  -12664.2036  0  
-4028.6068  -12619.6968  0  
-4031.6474999999996  -12578.1441  0  
-4034.4143000000004  -12538.169899999999  0  
-4036.8999000000003  -12499.788700000001  0  
-4039.3073999999997  -12458.7662  0  
-4041.6213999999995  -12415.9012  0  
-4043.8491999999997  -12370.7848  0  
-4045.9438  -12325.872  0  
-4047.9370000000004  -12280.4588  0  
-4049.7974  -12235.7178  0  
-4051.5404  -12192.1638  0  
-4053.1425  -12150.7675  0  
-4054.6124  -12111.9804  0  
-4056.0818  -12071.8338  0  
-4057.5123  -12026.9676  0  
-4058.7704000000003  -11980.9921  0  
-4059.8723999999997  -11935.4225  0  
-4060.8418  -11890.1817  0  
-4061.7016  -11845.299500000001  0  
-4062.4831999999997  -11801.6518  0  
-4063.1476999999995  -11761.615  0  
-4064.0701  -11706.4354  0  
-4065.0002  -11653.7712  0  
-4065.6799  -11609.5772  0  
-4066.4462999999996  -11543.9262  0  
-4066.9853000000003  -11478.8696  0  
-4067.3606999999997  -11414.9849  0  
-4067.6029  -11354.7264  0  
-4067.783  -11296.9673  0  
-4067.939  -11245.0691  0  
-4068.103  -11189.794899999999  0  
-4068.2673999999997  -11128.3012  0  
-4068.4157999999998  -11062.1353  0  
-4068.5485999999996  -10996.891  0  
-4068.6268  -10933.818800000001  0  
-4068.6580999999996  -10877.076  0  
-4068.6110999999996  -10829.5845  0  
-4068.5173  -10771.1075  0  
-4068.3768999999998  -10702.3788  0  
-4068.2285  -10629.4609  0  
-4068.0641  -10558.5602  0  
-4067.7044  -10429.1504  0  
-4067.2436  -10310.4752  0  
-4066.8682  -10222.7127  0  
-4066.6648999999998  -10178.1593  0  
-4066.0240000000003  -9968.690499999999  0  
-4066.5791  -9838.2019  0  
-4067.8764  -9646.814  0  
-4068.9320000000002  -9495.7909  0  
-4070.1748000000002  -9330.0163  0  
-4071.2688  -9187.0728  0  
-4071.5580000000004  -9148.317000000001  0  
-4072.7618999999995  -8973.790700000001  0  
-4073.8559999999998  -8793.3105  0  
-4074.3954000000003  -8600.4379  0  
-4074.6924999999997  -8429.5692  0  
-4074.9348  -8246.8071  0  
-4075.1067999999996  -8062.1544  0  
-4075.1537  -7886.5967  0  
-4075.0991999999997  -7694.5206  0  
-4074.8801999999996  -7527.0737  0  
-4074.5125000000003  -7334.498600000001  0  
-4074.0593  -7152.3613  0  
-4073.27  -6996.151000000001  0  
-4072.1054000000004  -6812.1696  0  
-4070.7999999999997  -6632.939899999999  0  
-4069.2680000000005  -6436.7851  0  
-4067.9546  -6259.3529  0  
-4067.1962999999996  -6071.7464  0  
-4066.8839  -5894.6419  0  
-4067.3061  -5703.1601  0  
-4067.9314  -5549.6841  0  
-4068.9163  -5360.8589  0  
-4070.2061  -5187.3013  0  
-4071.7457000000004  -4994.4130000000005  0  
-4072.9649000000004  -4835.998500000001  0  
-4074.4656  -4633.2336  0  
-4075.576  -4472.366  0  
-4076.3027  -4313.3423  0  
-4076.9436  -4127.33  0  
-4077.2250999999997  -3939.7549  0  
-4076.8577999999998  -3765.0879000000004  0  
-4076.49  -3561.4795999999997  0  
-4076.2870999999996  -3395.2984  0  
-4076.0917999999997  -3228.5075999999995  0  
-4075.951  -3039.9635  0  
-4075.9586  -2858.827  0  
-4076.1932  -2694.0836  0  
-4076.326  -2504.7272  0  
-4076.1856000000002  -2320.2463000000002  0  
-4075.7088000000003  -2136.6096  0  
-4075.177  -1962.5364000000002  0  
-4074.2939  -1761.1000000000001  0  
-4073.481  -1589.3712  0  
-4072.4335000000005  -1378.4801  0  
-4071.5969  -1224.1757  0  
-4070.5573999999997  -1055.1504  0  
-4069.2599999999998  -874.9516  0  
-4067.9546  -687.4859  0  
-4067.1185  -524.5083  0  
-4066.2666  -326.69739999999996  0  
-4065.7585  -157.1876  0  
-4066.5867  30.918699999999998  0  
-4067.7360999999996  202.6007  0  
-4069.6980000000003  367.2816  0  
-4072.1286999999998  545.0895  0  
-4074.1768  700.7848  0  
-4076.0917999999997  858.0427  0  
-4077.6001  1004.5021999999999  0  
-4078.9211  1208.5172  0  
-4079.8042  1382.4652  0  
-4080.547  1570.8215  0  
-4081.0162  1758.7714999999998  0  
-4081.2504  1933.1882  0  
-4081.3599000000004  2126.6079  0  
-4081.3831  2287.1164  0  
-4081.4224000000004  2475.629  0  
-4081.5319000000004  2646.1548000000003  0  
-4081.7585  2830.1043  0  
-4082.0087000000003  3006.1773  0  
-4082.1728  3181.0942  0  
-4082.1102000000005  3367.9661  0  
-4081.6803  3558.3538  0  
-4080.8594  3731.9736  0  
-4079.7264  3893.9822999999997  0  
-4077.9518000000003  4090.5116999999996  0  
-4075.951  4283.5411  0  
-4074.2156999999997  4455.3005  0  
-4072.2462  4687.664  0  
-4071.2612  4875.817099999999  0  
-4071.1047999999996  5081.8169  0  
-4072.2149  5292.4423  0  
-4074.1844  5505.5367  0  
-4075.6068999999998  5686.6421  0  
-4076.2169  5898.0644  0  
-4076.1229999999996  6097.6879  0  
-4075.8727999999996  6309.6725  0  
-4075.1148000000003  6506.9992  0  
-4073.8953  6724.9542  0  
-4072.7695  6915.497600000001  0  
-4071.5969  7147.376300000001  0  
-4071.0186  7338.6711000000005  0  
-4070.7451  7566.345200000001  0  
-4070.7687  7741.887699999999  0  
-4070.9640999999997  7958.5289  0  
-4071.0655  8133.946199999999  0  
-4071.0579000000002  8362.573999999999  0  
-4071.003  8559.479500000001  0  
-4070.8388999999997  8769.2451  0  
-4070.6673  8973.1186  0  
-4070.6516  9175.1961  0  
-4070.9170999999997  9376.6953  0  
-4071.7925999999998  9610.7925  0  
-4072.9572  9806.1348  0  
-4074.5753999999997  10041.763299999999  0  
-4075.8179  10236.3243  0  
-4076.9278999999997  10459.0446  0  
-4078.0224  10666.341400000001  0  
-4079.0698999999995  10880.9052  0  
-4079.7184  11098.5626  0  
-4079.8904  11307.9536  0  
-4080.9925  11516.8289  0  
-4082.8369000000002  11747.8943  0  
-4083.5564  11955.41  0  
-4083.1966  12002.088899999999  0  
-4082.5638  12048.8457  0  
-4081.6333999999997  12095.619200000001  0  
-4080.3593  12142.3599  0  
-4078.7101999999995  12189.2418  0  
-4076.6387999999997  12235.9673  0  
-4074.2939  12285.9596  0  
-4072.0973999999997  12336.1397  0  
-4070.026  12386.5837  0  
-4068.0172  12437.1071  0  
-4066.0477  12487.693  0  
-4064.0545  12538.4666  0  
-4063.0459  12563.829800000001  0  
-4062.5301  12576.580800000002  0  
