-4058.4923000000003  12572.6234  0
-4057.9543999999996  12585.9344  0
-4056.908  12611.3998  0
-4055.8147  12636.9598  0
-4054.7058  12662.3787  0
-4053.5503  12687.9227  0
-4052.3556  12713.3568  0
-4051.1063  12738.8847  0
-4050.013  12760.5385  0
-4048.8650999999995  12782.160899999999  0
-4047.678  12803.8773  0
-4046.4367  12825.4837  0
-4045.1560999999997  12847.074900000001  0
-4043.8049  12868.7286  0
-4042.3996  12890.4449  0
-4040.9317  12912.004099999998  0
-4039.4089  12933.596800000001  0
-4037.8078  12955.249  0
-4036.145  12976.8402  0
-4034.4036  12998.400899999999  0
-4032.584  13020.007300000001  0
-4030.6866  13041.503900000002  0
-4028.7109  13063.002  0
-4026.6495  13084.4223  0
-4024.4946  13105.9036  0
-4022.2454  13127.4323  0
-4019.8875000000003  13148.928799999998  0
-4017.4511  13170.2866  0
-4014.843  13192.1432  0
-4012.1258  13213.999899999999  0
-4009.2990999999997  13235.761999999999  0
-4006.3396  13257.6355  0
-4003.2707  13279.4144  0
-4000.0614  13301.2238  0
-3996.7274  13322.9721  0
-3993.2758  13344.639599999999  0
-3989.6915  13366.215500000002  0
-3985.9512000000004  13387.854  0
-3982.0705  13409.3979  0
-3978.0647000000004  13430.879200000001  0
-3973.8945000000003  13452.346800000001  0
-3969.5766  13473.7335  0
-3965.11  13495.1065  0
-3960.5029999999997  13516.291799999999  0
-3955.7087  13537.570199999998  0
-3950.75  13558.770799999998  0
-3945.6352  13579.8615  0
-3940.3568  13600.860599999998  0
-3935.6796000000004  13618.8568  0
-3930.8773  13636.8088  0
-3925.9815000000003  13654.5883  0
-3920.9057000000003  13672.428899999999  0
-3915.7207  13690.161100000001  0
-3910.3954000000003  13707.8934  0
-3904.9370000000004  13725.5157  0
-3899.2911999999997  13743.2022  0
-3893.5443999999998  13760.716199999999  0
-3887.6488000000004  13778.183  0
-3881.5894999999996  13795.649700000002  0
-3875.3971  13813.0051  0
-3869.0487  13830.3009  0
-3862.5366  13847.58  0
-3855.8289000000004  13864.8911  0
-3848.9964  13882.0602  0
-3841.9998  13899.168399999999  0
-3834.8473  13916.197199999999  0
-3827.4914000000003  13933.2413  0
-3820.0188  13950.1144  0
-3812.5771  13966.4413  0
-3804.9637  13982.6889  0
-3797.1241  13998.9685  0
-3789.0887999999995  14015.185500000001  0
-3780.9288  14031.2607  0
-3772.4957000000004  14047.447199999999  0
-3763.8828  14063.5544  0
-3755.0980000000004  14079.5685  0
-3746.1414  14095.5505  0
-3736.9507  14111.5326  0
-3727.5806000000002  14127.452099999999  0
-3717.9993000000004  14143.373099999999  0
-3708.1684000000005  14159.3246  0
-3698.2201000000005  14175.149500000001  0
-3688.1160999999997  14190.867600000001  0
-3677.7538  14206.629899999998  0
-3667.1734  14222.378499999999  0
-3656.5224  14237.9074  0
-3645.6371  14253.4683  0
-3634.5570000000002  14268.9819  0
-3623.3593  14284.387200000001  0
-3612.0914  14299.6826  0
-3600.769  14314.8682  0
-3589.1967999999997  14330.178799999998  0
-3577.5772  14345.332300000002  0
-3565.8176  14360.4721  0
-3553.8390999999997  14375.688199999999  0
-3541.8221000000003  14390.7181  0
-3529.6719000000003  14405.732699999999  0
-3517.3653000000004  14420.6985  0
-3504.9809000000005  14435.556  0
-3492.3779000000004  14450.445600000001  0
-3479.6967000000004  14465.2084  0
-3466.8438  14479.9408  0
-3453.7875999999997  14494.6747  0
-3440.6536  14509.2819  0
-3427.3712000000005  14523.8113  0
-3413.9484  14538.278199999999  0
-3400.4784  14552.542099999999  0
-3386.8214000000003  14566.7908  0
-3373.0858  14580.9296  0
-3359.6241  14595.095800000001  0
-3345.6467000000002  14608.973700000002  0
-3331.6380000000004  14623.1125  0
-3317.5353999999998  14637.2513  0
-3303.4256  14651.2802  0
-3289.2605000000003  14665.248099999999  0
-3275.0256  14679.136700000001  0
-3260.6032999999998  14693.087800000001  0
-3246.1807  14706.8985  0
-3231.6955999999996  14720.616100000001  0
-3217.2344000000003  14734.161399999999  0
-3202.5852  14747.738599999999  0
-3187.8193  14761.2366  0
-3172.9828  14774.6399  0
-3158.0763  14787.9044  0
-3143.2010999999998  14800.9659  0
-3128.1773000000003  14813.9954  0
-3113.0051000000003  14826.9318  0
-3097.7237999999998  14839.756800000001  0
-3082.6063  14852.3193  0
-3067.2702999999997  14864.973399999999  0
-3052.145  14877.3788  0
-3036.8011  14889.8773  0
-3021.3322000000003  14902.4063  0
-3006.0431000000003  14914.686599999999  0
-2990.5741  14927.0126  0
-2975.0742  14939.2929  0
-2959.5272  14951.4954  0
-2944.043  14963.5391  0
-2928.4569  14975.553899999999  0
-2912.9177  14987.443500000001  0
-2897.2380000000003  14999.301099999999  0
-2881.6911999999998  15010.9711  0
-2866.0505000000003  15022.5647  0
-2850.4177  15034.046900000001  0
-2834.7303  15045.4361  0
-2819.0508  15056.684899999998  0
-2803.3397999999997  15067.808500000001  0
-2787.7538999999997  15078.729200000002  0
-2771.0043  15090.3366  0
-2754.2938  15101.8036  0
-2737.5681  15113.179  0
-2720.9202  15124.411  0
-2704.1941  15135.566700000001  0
-2687.4680000000003  15146.627799999998  0
-2670.8044  15157.5638  0
-2654.1332  15168.3899  0
-2637.4619  15179.1397  0
-2620.8763  15189.7156  0
-2604.4548  15200.09  0
-2587.9787  15210.4004  0
-2571.401  15220.6955  0
-2554.9797000000003  15230.804399999999  0
-2538.4958  15240.850800000002  0
-2522.246  15250.662199999999  0
-2506.0198  15260.3638  0
-2489.6999  15270.0333  0
-2473.5987  15279.4861  0
-2457.4659  15288.8596  0
-2435.063  15301.748699999998  0
-2413.4489  15313.9984  0
-2392.8497  15325.5127  0
-2372.727  15336.541700000002  0
-2353.0962  15347.1191  0
-2334.0666  15357.164  0
-2315.2557  15366.8655  0
-2296.9679  15376.0681  0
-2278.5788000000002  15385.1135  0
-2260.2522  15393.925500000001  0
-2241.8237999999997  15402.565  0
-2223.2004  15411.094700000001  0
-2204.3268000000003  15419.548  0
-2184.9773  15428.0304  0
-2165.0576  15436.607399999999  0
-2144.4195  15445.3262  0
-2122.9067  15454.278600000001  0
-2100.7614  15463.386499999999  0
-2077.4685  15472.8531  0
-2053.051  15482.711800000001  0
-2032.8579000000002  15490.8051  0
-2012.5322  15498.8815  0
-1992.3469999999998  15506.832900000001  0
-1971.9042000000002  15514.8163  0
-1951.6253  15522.644  0
-1931.1588000000002  15530.455  0
-1910.5442  15538.235499999999  0
-1889.9998  15545.890800000001  0
-1869.3695000000002  15553.469799999999  0
-1848.505  15561.0306  0
-1827.8044000000002  15568.3899  0
-1807.0803  15575.654599999998  0
-1786.4735  15582.7621  0
-1765.5308000000002  15589.8392  0
-1744.4552999999999  15596.8231  0
-1723.5285000000001  15603.6194  0
-1702.2576999999999  15610.368299999998  0
-1681.237  15616.883899999999  0
-1660.2551999999998  15623.2101  0
-1639.1953999999998  15629.4128  0
-1619.2523999999999  15635.1624  0
-1599.2623999999998  15640.8646  0
-1579.2334  15646.489  0
-1558.9466  15652.1286  0
-1538.8474  15657.612599999999  0
-1518.6777  15663.0493  0
-1498.2583  15668.485999999999  0
-1478.0184  15673.782299999999  0
-1457.7550999999999  15678.985599999998  0
-1437.2341000000001  15684.1721  0
-1416.9083  15689.2029  0
-1396.5747999999999  15694.1544  0
-1376.1085  15699.044799999998  0
-1355.7201  15703.8101  0
-1335.2304  15708.5129  0
-1314.8110000000001  15713.0753  0
-1294.4149  15717.5262  0
-1273.8627  15721.9177  0
-1253.3183  15726.167300000001  0
-1232.8989  15730.291700000002  0
-1214.4002  15733.9462  0
-1195.7612  15737.587  0
-1177.2158  15741.1804  0
-1158.5219  15744.726600000002  0
-1139.8204  15748.2269  0
-1120.9939  15751.6953  0
-1102.3547  15755.0705  0
-1083.5829  15758.4122  0
-1064.9126  15761.6623  0
-1046.0392000000002  15764.8972  0
-1027.1345999999999  15768.052700000002  0
-1008.4409  15771.0999  0
-989.7470000000001  15774.0829  0
-970.9595999999999  15776.9882  0
-952.2657  15779.8019  0
-933.369  15782.5821  0
-914.5971  15785.221899999999  0
-895.7238  15787.815900000001  0
-876.9675  15790.283199999998  0
-858.3284000000001  15792.643699999999  0
-839.3065999999999  15794.970699999998  0
-820.363  15797.2214  0
-801.2867  15799.408  0
-782.1868000000001  15801.5488  0
-763.0791999999999  15803.6102  0
-744.0653  15805.595400000002  0
-724.8326999999999  15807.531700000001  0
-705.7095  15809.3918  0
-686.6799000000001  15811.187699999999  0
-667.5411  15812.9074  0
-648.3163000000001  15814.5782  0
-629.3024  15816.156  0
-610.0933  15817.6712  0
-591.0012  15819.1406  0
-572.0341999999999  15820.5002  0
-552.989  15821.812399999999  0
-533.8501  15823.045300000002  0
-514.8518  15824.202  0
-495.88469999999995  15825.296  0
-477.0582  15826.310699999998  0
-457.99739999999997  15827.2797  0
-438.8196  15828.2181  0
-419.5245  15829.122899999998  0
-400.331  15829.9667  0
-381.0359  15830.7785  0
-361.9596  15831.544500000002  0
-342.5474  15832.247899999998  0
-323.3773  15832.8888  0
-304.1057  15833.482399999999  0
-284.9668  15833.998099999999  0
-265.7342  15834.434500000001  0
-246.8452  15834.809899999998  0
-227.6517  15835.1074  0
-208.60660000000001  15835.325599999998  0
-189.5926  15835.450700000001  0
-170.60999999999999  15835.513299999999  0
-151.6663  15835.466  0
-132.5509  15835.3409  0
-113.70089999999999  15835.1227  0
-94.7885  15834.7794  0
-70.6443  15834.278900000001  0
-46.344  15833.7326  0
-22.1842  15833.1696  0
1.96  15832.5287  0
26.2291  15831.842  0
50.4669  15831.1234  0
74.5252  15830.342099999998  0
98.9583  15829.4678  0
123.0634  15828.5294  0
146.9499  15827.5299  0
170.76610000000002  15826.4679  0
194.7541  15825.296  0
218.6641  15824.0295  0
242.1757  15822.67  0
265.6874  15821.2189  0
288.9648  15819.671600000001  0
312.07820000000004  15817.9993  0
335.4415  15816.203300000001  0
358.5238  15814.2822  0
381.1687  15812.266500000002  0
405.2894  15809.9854  0
429.1759  15807.6569  0
452.8906  15805.2673  0
476.3945  15802.813699999999  0
500.2185  15800.236499999999  0
523.5897  15797.612000000001  0
547.1404  15794.877600000002  0
570.3787  15792.0807  0
593.5546  15789.190700000001  0
617.0507  15786.1755  0
640.1017  15783.0978  0
663.0823  15779.942299999999  0
686.266  15776.6296  0
709.5357  15773.208600000002  0
732.5867  15769.6777  0
755.4893  15766.0675  0
778.4386999999999  15762.335200000001  0
801.2320000000001  15758.4915  0
823.9394000000001  15754.5547  0
846.4905999999999  15750.491299999998  0
866.137  15746.8674  0
885.5648  15743.196100000001  0
904.8285  15739.4775  0
924.0924  15735.681199999999  0
943.4109  15731.806900000001  0
962.5888  15727.8534  0
981.9305999999999  15723.793000000001  0
1001.0617  15719.7144  0
1020.3410999999999  15715.496799999999  0
1039.5112  15711.247299999999  0
1058.6658  15706.8878  0
1077.8124  15702.4826  0
1096.8966  15697.9828  0
1115.8636  15693.4357  0
1134.6824  15688.8428  0
1153.6963  15684.141500000002  0
1172.7962  15679.2969  0
1191.7944  15674.423200000001  0
1210.7379999999998  15669.4702  0
1229.674  15664.439400000001  0
1249.6483  15659.05  0
1269.3727000000001  15653.6911  0
1289.1363000000001  15648.2391  0
1309.1967  15642.6468  0
1329.0616  15637.036100000001  0
1349.2157  15631.2714  0
1369.1978000000001  15625.4761  0
1389.2191  15619.6014  0
1409.6073000000001  15613.523900000002  0
1429.6832  15607.478299999999  0
1449.9309  15601.260400000001  0
1469.9286000000002  15595.0409  0
1489.9031  15588.729900000002  0
1510.0181  15582.261700000001  0
1530.1018  15575.7172  0
1550.3494  15568.9987  0
1570.2613  15562.265  0
1589.9155  15555.4993  0
1609.6088000000002  15548.6099  0
1629.2084  15541.610700000001  0
1649.2687  15534.3613  0
1669.1416  15527.113299999999  0
1689.2643  15519.7388  0
1709.3792  15512.286399999999  0
1729.1584  15504.913300000002  0
1749.2422000000001  15497.3343  0
1769.3646999999999  15489.679  0
1789.3627  15481.9931  0
1809.3057999999999  15474.2432  0
1829.3973999999998  15466.3391  0
1849.559  15458.323699999999  0
1869.3539  15450.355500000001  0
1889.7264  15442.0609  0
1909.9116999999999  15433.7173  0
1929.9095000000002  15425.3433  0
1950.1024000000002  15416.781599999998  0
1970.3735000000001  15408.048999999999  0
1990.3636999999999  15399.331699999999  0
2010.7596999999998  15390.2863  0
2030.7966000000001  15381.286600000001  0
2048.6235  15373.178100000001  0
2066.4507  15364.991800000002  0
2084.2619  15356.742900000001  0
2101.7609  15348.587000000001  0
2119.7052  15340.1352  0
2137.5946  15331.636  0
2155.3905  15323.1369  0
2173.0145  15314.6225  0
2190.7322  15306.015  0
2208.6294  15297.250399999999  0
2226.8156  15288.266  0
2244.7363  15279.361  0
2262.6728  15270.361299999999  0
2280.5466  15261.348000000002  0
2298.4125  15252.2552  0
2316.5285  15242.9749  0
2334.4337  15233.741800000002  0
2352.5341000000003  15224.3362  0
2370.4704  15214.9475  0
2388.6099000000004  15205.4016  0
2399.3856  15199.6826  0
2412.3791  15192.7628  0
2427.0281  15184.8877  0
2443.3712  15176.1078  0
2461.3077  15166.4368  0
2480.0406  15156.312600000001  0
2499.9058  15145.533800000001  0
2520.4424  15134.3781  0
2541.3849  15122.9584  0
2562.7023999999997  15111.303699999999  0
2584.4492  15099.3988  0
2605.7434000000003  15087.6968  0
2626.358  15076.307700000001  0
2646.5353  15065.121500000001  0
2665.9397  15054.310599999999  0
2683.6731  15044.374099999999  0
2700.2819  15034.968599999998  0
2715.3368  15026.3596  0
2728.0101999999997  15019.001800000002  0
2738.2708000000002  15012.908899999999  0
2757.675  15001.0818  0
2776.7281000000003  14989.2868  0
2795.1956  14977.7252  0
2813.6313999999998  14966.008  0
2831.9113  14954.1977  0
2849.8478  14942.4332  0
2867.5888  14930.6213  0
2885.1582  14918.718  0
2902.4542  14906.781  0
2919.5629  14894.7678  0
2936.3512  14882.7682  0
2952.9837  14870.6604  0
2969.5768000000003  14858.334400000002  0
2985.9673000000003  14845.929  0
3001.8967  14833.6182  0
3018.0761  14820.869400000001  0
3033.7011  14808.261100000002  0
3049.2401  14795.481899999999  0
3064.5998  14782.560699999998  0
3079.6782  14769.5938  0
3096.2948  14754.9713  0
3112.8725  14740.0986  0
3129.0207  14725.254799999999  0
3145.2858  14710.0235  0
3161.2234  14694.7601  0
3177.0746  14679.2618  0
3192.8793  14663.450599999998  0
3208.3168  14647.6868  0
3223.6061  14631.752  0
3238.7234  14615.6754  0
3253.5049  14599.6307  0
3268.5368  14582.9605  0
3283.3729  14566.181900000001  0
3298.1392  14549.1516  0
3312.6553000000004  14532.0602  0
3327.0308999999997  14514.8285  0
3341.4611999999997  14497.1573  0
3355.6179  14479.5364  0
3369.8452  14461.4746  0
3383.9947  14443.180799999998  0
3396.8868  14426.1047  0
3409.9815  14408.247399999998  0
3423.2093999999997  14389.7339  0
3436.7729  14370.313999999998  0
3450.4223  14350.363200000002  0
3464.2906000000003  14329.7256  0
3478.1818000000003  14308.6975  0
3492.2295  14287.120100000002  0
3506.1756000000005  14265.4053  0
3520.2545  14243.220500000001  0
3534.341  14220.7855  0
3548.3967  14198.1934  0
3562.3978  14175.477599999998  0
3576.3672  14152.6367  0
3590.0711  14130.0766  0
3603.7987000000003  14107.345599999999  0
3617.2607  14084.942599999998  0
3630.582  14062.7106  0
3643.6459  14040.8066  0
3656.5536  14019.1223  0
3662.6052999999997  14008.4976  0
3669.6956999999998  13995.3125  0
3677.7306000000003  13979.783599999999  0
3686.6634  13962.0346  0
3696.1975  13942.6941  0
3706.3567999999996  13921.7422  0
3716.9139999999998  13899.6826  0
3727.8538  13876.592999999999  0
3739.1136  13852.626  0
3750.4440000000004  13828.302  0
3761.8758999999995  13803.570600000001  0
3773.1201  13779.1351  0
3783.9352  13755.4825  0
3794.5312000000004  13732.186899999999  0
3804.5341  13710.1273  0
3813.7870999999996  13689.584400000002  0
3822.2439  13670.7413  0
3829.6856  13654.1031  0
3835.87  13640.1672  0
3840.7425000000003  13629.1214  0
3849.4411  13608.781400000002  0
3857.9136  13588.017300000001  0
3866.1830999999997  13566.786200000002  0
3874.2336  13545.1935  0
3882.0892  13523.2285  0
3889.7415  13500.9338  0
3897.1362999999997  13478.5461  0
3904.3125000000005  13455.938699999999  0
3911.2309000000005  13433.3176  0
3917.9226  13410.585000000001  0
3924.3259000000003  13387.9944  0
3930.4321  13365.637200000001  0
3936.2808  13343.4372  0
3941.8327  13321.5179  0
3947.1111  13299.8489  0
3952.0542  13278.6957  0
3956.6769  13258.041399999998  0
3960.9871  13237.934899999998  0
3964.9773000000005  13218.4067  0
3968.6317000000004  13199.501  0
3972.0833  13180.394  0
3975.3628  13160.7559  0
3978.4706  13140.7578  0
3981.3831  13120.432999999999  0
3984.1473  13099.7162  0
3986.7320999999997  13078.7201  0
3989.1529  13057.392899999999  0
3991.4172999999996  13035.8185  0
3993.5333  13013.9465  0
3995.4932999999996  12991.9479  0
3997.3125000000005  12969.6381  0
3998.9918000000002  12947.328200000002  0
4000.5299  12924.8627  0
4001.9512  12902.2705  0
4003.2314  12879.5547  0
4004.3953  12856.8237  0
4005.4336999999996  12834.077500000001  0
4006.3709000000003  12811.314400000001  0
4007.1983000000005  12788.5506  0
4007.909  12765.9126  0
4008.2134000000005  12755.9921  0
4008.6117000000004  12742.9001  0
4009.1038  12726.870700000001  0
4009.6737  12708.2321  0
4010.3374000000003  12687.2192  0
4011.0401  12664.2845  0
4011.8134  12639.412699999999  0
4012.6175000000003  12613.4468  0
4013.4453  12586.5746  0
4014.2887  12559.0164  0
4015.1398  12531.237799999999  0
4015.9832  12503.3974  0
4016.8030000000003  12476.1353  0
4017.5838  12449.8413  0
4018.3178  12424.829099999999  0
4018.9816  12401.706699999999  0
4019.5670999999998  12380.7556  0
4020.0516000000002  12362.4931  0
4020.4262  12347.3228  0
4020.6684000000005  12335.9337  0
4021.051  12316.2636  0
4021.4649  12296.391300000001  0
4021.9021  12276.081100000001  0
4022.3782  12255.6465  0
4022.8703000000005  12234.882399999999  0
4023.37  12213.916799999999  0
4023.8777  12193.060300000001  0
4024.3931000000002  12171.8437  0
4024.8928  12150.6592  0
4025.3925000000004  12129.4579  0
4025.8842  12108.1322  0
4026.3451000000005  12086.8073  0
4026.7822  12065.3564  0
4027.1805  12044.2184  0
4027.5398000000005  12023.3765  0
4027.8599  12002.473399999999  0
4028.1254  11981.8817  0
4028.3287  11961.6188  0
4028.4691000000003  11941.6054  0
4028.5469  11921.9208  0
4028.5862  11902.5635  0
4028.6407  11882.8629  0
4028.6876999999995  11863.0684  0
4028.7502000000004  11842.868  0
4028.8048000000003  11822.7295  0
4028.8597000000004  11802.232399999999  0
4028.9143000000004  11781.765  0
4028.9687999999996  11761.19  0
4029.0234  11740.6921  0
4029.0703  11720.163700000001  0
4029.1172  11699.5255  0
4029.1561  11678.9032  0
4029.1874  11658.326700000001  0
4029.2107  11637.7205  0
4029.2263  11617.3477  0
4029.2263  11596.9757  0
4029.2187  11577.0241  0
4029.1953999999996  11556.9962  0
4029.1641  11537.31  0
4029.1092  11517.8291  0
4029.0466  11499.1905  0
4028.9687999999996  11479.9423  0
4028.875  11460.4141  0
4028.7735  11440.3999  0
4028.6720000000005  11420.0752  0
4028.5549  11399.4675  0
4028.4302  11378.8925  0
4028.3131  11357.9102  0
4028.1956  11336.9598  0
4028.0785  11315.8524  0
4027.9694  11294.5892  0
4027.8678999999997  11273.6549  0
4027.7664  11252.6726  0
4027.6958  11231.847399999999  0
4027.6176  11211.396  0
4027.5711  11191.039999999999  0
4027.5398000000005  11171.1197  0
4027.5242  11151.4351  0
4027.5317999999997  11132.328  0
4027.5711  11113.548299999999  0
4027.6257  11092.5987  0
4027.6802000000002  11071.6156  0
4027.7428  11050.743900000001  0
4027.8053  11029.980500000001  0
4027.8678999999997  11009.2644  0
4027.9305  10988.4552  0
4028.0006  10967.6445  0
4028.0552  10947.022200000001  0
4028.1177999999995  10926.508300000001  0
4028.1799  10906.2927  0
4028.2425000000003  10886.3571  0
4028.2974000000004  10866.2354  0
4028.344  10846.4874  0
4028.3988999999997  10827.1294  0
4028.4302  10807.8827  0
4028.4615000000003  10788.8222  0
4028.5004  10770.34  0
4028.5156  10751.9676  0
4028.5393  10734.079  0
4028.5469  10716.5497  0
4028.5393  10697.1924  0
4028.5469  10677.961000000001  0
4028.5469  10658.712800000001  0
4028.5549  10639.6988  0
4028.5549  10620.7802  0
4028.5549  10601.7975  0
4028.5549  10583.0963  0
4028.5549  10564.2555  0
4028.5549  10545.5544  0
4028.5549  10526.8379  0
4028.5549  10508.2626  0
4028.5625000000005  10489.6393  0
4028.5469  10470.9068  0
4028.5469  10452.253  0
4028.5393  10433.5678  0
4028.5313  10414.569899999999  0
4028.5156  10395.8221  0
4028.5004  10376.574700000001  0
4028.4927000000002  10357.5142  0
4028.4691000000003  10338.2355  0
4028.4534  10320.2377  0
4028.4302  10302.021  0
4028.3988999999997  10283.773  0
4028.3752  10265.7753  0
4028.3520000000003  10247.5746  0
4028.3206999999998  10229.2641  0
4028.2893999999997  10210.8292  0
4028.2661  10192.3622  0
4028.2349000000004  10173.6305  0
4028.2111999999997  10154.7577  0
4028.1799  10135.5095  0
4028.1567000000005  10116.1377  0
4028.1334  10096.749099999999  0
4028.1097000000004  10076.9234  0
4028.0865  10056.9565  0
4028.0707999999995  10036.8195  0
4028.0628  10016.0713  0
4028.0552  9995.2301  0
4028.0396000000005  9974.169899999999  0
4028.0396000000005  9952.6726  0
4028.0396000000005  9942.4858  0
4028.0396000000005  9929.644  0
4028.0396000000005  9914.3341  0
4028.0396000000005  9897.0543  0
4028.0396000000005  9877.9938  0
4028.0396000000005  9857.2937  0
4028.0396000000005  9835.1707  0
4028.0396000000005  9811.9545  0
4028.0396000000005  9787.9265  0
4028.0396000000005  9763.4918  0
4028.0396000000005  9738.6665  0
4028.0396000000005  9714.1388  0
4028.0396000000005  9689.8911  0
4028.0396000000005  9666.4879  0
4028.0396000000005  9644.1315  0
4028.0396000000005  9623.0713  0
4028.0396000000005  9603.8086  0
4028.0396000000005  9586.3106  0
4028.0396000000005  9571.328  0
4028.0396000000005  9559.2354  0
4028.0396000000005  9541.5649  0
4028.0396000000005  9523.5367  0
4028.0396000000005  9505.1636  0
4028.0396000000005  9486.8217  0
4028.0396000000005  9468.3243  0
4028.0396000000005  9449.7177  0
4028.0396000000005  9430.9853  0
4028.0396000000005  9412.1437  0
4028.0396000000005  9393.2091  0
4028.0396000000005  9374.1798  0
4028.0396000000005  9355.1971  0
4028.0396000000005  9335.8871  0
4028.0396000000005  9316.6397  0
4028.0396000000005  9297.3129  0
4028.0396000000005  9277.8786  0
4028.0396000000005  9258.5838  0
4028.0396000000005  9239.0869  0
4028.0396000000005  9219.5419  0
4028.0396000000005  9200.3563  0
4028.0396000000005  9180.828099999999  0
4028.0396000000005  9162.0956  0
4028.0396000000005  9142.7223  0
4028.0396000000005  9123.4444  0
4028.0396000000005  9103.9146  0
4028.0396000000005  9084.1209  0
4028.0396000000005  9064.4981  0
4028.0396000000005  9044.9219  0
4028.0396000000005  9025.0809  0
4028.0396000000005  9005.2078  0
4028.0396000000005  8985.429399999999  0
4028.0396000000005  8965.5876  0
4028.0396000000005  8945.777900000001  0
4028.0396000000005  8926.1864  0
4028.0396000000005  8906.703899999999  0
4028.0396000000005  8887.206999999999  0
4028.0396000000005  8867.881  0
4028.0396000000005  8848.9464  0
4028.0396000000005  8829.8546  0
4028.0396000000005  8811.247299999999  0
4028.0396000000005  8792.749  0
4028.0396000000005  8773.2674  0
4028.0396000000005  8753.722399999999  0
4028.0396000000005  8734.1003  0
4028.0396000000005  8714.3837  0
4028.0396000000005  8694.7922  0
4028.0396000000005  8675.0763  0
4028.0396000000005  8655.2963  0
4028.0396000000005  8635.8154  0
4028.0396000000005  8616.426800000001  0
4028.0396000000005  8596.9444  0
4028.0396000000005  8577.8374  0
4028.0396000000005  8558.8081  0
4028.0396000000005  8540.107  0
4028.0396000000005  8521.6103  0
4028.0396000000005  8503.3936  0
4028.0396000000005  8485.2707  0
4028.0396000000005  8467.7101  0
4028.0396000000005  8450.2754  0
4028.0396000000005  8433.3397  0
4028.0396000000005  8416.748  0
4028.0396000000005  8393.75  0
4028.0396000000005  8372.221399999999  0
4028.0396000000005  8352.037  0
4028.0396000000005  8333.2573  0
4028.0396000000005  8315.416000000001  0
4028.0396000000005  8298.3086  0
4028.0396000000005  8281.81  0
4028.0396000000005  8265.843200000001  0
4028.0396000000005  8249.9077  0
4028.0396000000005  8234.0508  0
4028.0396000000005  8218.0527  0
4028.0396000000005  8201.5701  0
4028.0396000000005  8184.571800000001  0
4028.0396000000005  8166.699199999999  0
4028.0396000000005  8147.873699999999  0
4028.0396000000005  8127.969400000001  0
4028.0396000000005  8106.6124  0
4028.0396000000005  8083.8501  0
4028.0396000000005  8059.3841999999995  0
4028.0396000000005  8033.0124  0
4028.0396000000005  8014.9986  0
4028.0396000000005  7996.5485  0
4028.0396000000005  7977.6749  0
4028.0396000000005  7958.9584  0
4028.0396000000005  7939.788799999999  0
4028.0396000000005  7920.416299999999  0
4028.0396000000005  7900.8247  0
4028.0396000000005  7881.124099999999  0
4028.0396000000005  7861.5646  0
4028.0396000000005  7841.6603  0
4028.0396000000005  7822.131299999999  0
4028.0396000000005  7802.4933  0
4028.0396000000005  7782.745400000001  0
4028.0396000000005  7763.357499999999  0
4028.0396000000005  7744.156599999999  0
4028.0396000000005  7724.908399999999  0
4028.0396000000005  7706.192  0
4028.0396000000005  7687.6633  0
4028.0396000000005  7669.5869  0
4028.0396000000005  7651.7769  0
4028.0396000000005  7632.029  0
4028.0396000000005  7612.297100000001  0
4028.0396000000005  7592.487300000001  0
4028.0396000000005  7572.4586  0
4028.0396000000005  7552.4452  0
4028.0396000000005  7532.3853  0
4028.0396000000005  7512.3253  0
4028.0396000000005  7492.4522  0
4028.0396000000005  7472.5014  0
4028.0396000000005  7452.550499999999  0
4028.0396000000005  7432.8033000000005  0
4028.0396000000005  7413.2431  0
4028.0396000000005  7393.948399999999  0
4028.0396000000005  7374.7474999999995  0
4028.0396000000005  7355.500000000001  0
4028.0396000000005  7336.7523  0
4028.0396000000005  7318.379199999999  0
4028.0396000000005  7300.069399999999  0
4028.0396000000005  7282.2273  0
4028.0396000000005  7264.698  0
4028.0396000000005  7240.654  0
4028.0315  7218.782  0
4028.0396000000005  7198.644299999999  0
4028.0239  7162.7419  0
4028.0083  7131.2454  0
4027.985  7102.373500000001  0
4027.9536999999996  7073.9395  0
4027.9224  7044.3344  0
4027.8912  7011.2602  0
4027.8599  6973.0148  0
4027.8286000000003  6927.691699999999  0
4027.8053  6884.713000000001  0
4027.7821000000004  6849.872600000001  0
4027.7583999999997  6814.4707  0
4027.7351000000003  6778.6629  0
4027.7115000000003  6742.7612  0
4027.6958  6706.7032  0
4027.6802000000002  6670.753499999999  0
4027.6646  6635.1021  0
4027.6646  6599.9657  0
4027.6646  6565.2351  0
4027.6726  6528.302  0
4027.6802000000002  6489.4165  0
4027.6802000000002  6452.1705999999995  0
4027.6882  6416.0034  0
4027.6958  6380.4764  0
4027.7115000000003  6345.6055  0
4027.7351000000003  6310.4691  0
4027.7740000000003  6275.6142  0
4027.8365999999996  6240.0398000000005  0
4027.9224  6203.6537  0
4028.0472000000004  6161.0027  0
4028.1799  6116.8831  0
4028.3051  6077.6218  0
4028.4458  6040.9233  0
4028.5862  6006.2244  0
4028.7579  5971.7598  0
4028.9455  5936.857599999999  0
4029.1561  5900.0809  0
4029.4215999999997  5860.5389000000005  0
4029.7264  5816.7938  0
4030.0072  5776.4862  0
4030.265  5740.522  0
4030.5537999999997  5701.9173  0
4030.8506  5661.4841  0
4031.1474  5620.3178  0
4031.4518  5578.7601  0
4031.7565999999997  5537.1867999999995  0
4032.0454  5496.645  0
4032.3188999999998  5457.680899999999  0
4032.5684  5421.2322  0
4032.795  5386.7207  0
4033.0371999999998  5349.5064  0
4033.2790000000005  5310.1517  0
4033.5213000000003  5270.219  0
4033.7711  5228.9742  0
4034.0054  5187.7132  0
4034.2239  5145.9995  0
4034.4192999999996  5105.5042  0
4034.5989000000004  5065.6654  0
4034.7317  5028.1075  0
4034.8412000000003  4992.674300000001  0
4034.9345999999996  4955.8193  0
4035.0361  4917.4019  0
4035.1299  4877.4849  0
4035.2234000000003  4836.771000000001  0
4035.3096  4795.6509  0
4035.4031  4754.7806  0
4035.4733  4715.0513  0
4035.5434000000005  4676.3996  0
4035.6059999999998  4639.7011  0
4035.6453  4604.8454  0
4035.6842  4568.412399999999  0
4035.7230999999997  4528.886  0
4035.7468  4487.3126999999995  0
4035.778  4444.6152  0
4035.7937  4401.4481000000005  0
4035.8093  4358.8909  0
4035.817  4317.0677  0
4035.8246  4277.3697  0
4035.8246  4240.6708  0
4035.8246  4206.080999999999  0
4035.8246  4168.4917  0
4035.8093  4128.606  0
4035.778  4086.7046  0
4035.7468  4044.0849  0
4035.7155  4001.59  0
4035.6609  3959.5481999999997  0
4035.5984  3917.8814  0
4035.5278  3878.1517  0
4035.4419999999996  3840.8123000000005  0
4035.3561  3807.2380000000003  0
4035.2626999999998  3772.2740000000003  0
4035.1688000000004  3734.1220999999996  0
4035.0674  3693.9236  0
4034.9579  3651.8196000000003  0
4034.8412000000003  3609.3716  0
4034.7160000000003  3567.1107999999995  0
4034.5908999999997  3526.8032  0
4034.4582  3488.8077000000003  0
4034.3102000000003  3454.2338999999997  0
4034.1537000000003  3423.1907  0
4033.9897  3389.7571999999996  0
4033.7944  3352.9335  0
4033.6070999999997  3314.36  0
4033.3961000000004  3273.8182  0
4033.1776  3233.0730000000003  0
4032.9590000000003  3191.906  0
4032.748  3152.7231  0
4032.5370999999996  3115.3526  0
4032.3345000000004  3081.4348  0
4032.1392000000005  3049.9386  0
4031.9201999999996  3014.4741  0
4031.6704  2975.0101  0
4031.3972  2933.0933  0
4031.1160999999997  2889.3954999999996  0
4030.8349999999996  2844.6821  0
4030.5461999999998  2800.609  0
4030.2726999999995  2758.1766  0
4030.0227999999997  2717.8223  0
4029.7886  2681.3423000000003  0
4029.5775999999996  2649.0805  0
4029.3671000000004  2614.694  0
4029.1485000000002  2578.2765999999997  0
4028.9219000000003  2540.1091  0
4028.6953  2501.5356  0
4028.4771  2462.3529000000003  0
4028.2581  2423.6389  0
4028.0552  2385.4713  0
4027.8442  2348.9445  0
4027.6646  2314.7612  0
4027.4929  2282.5464  0
4027.3055999999997  2247.1443  0
4027.1023  2207.8522  0
4026.8841  2166.7477000000003  0
4026.6651  2123.9559  0
4026.4389  2079.977  0
4026.2199  2037.1538  0
4026.0173999999997  1995.9713000000002  0
4025.8141  1957.2416  0
4025.6344  1921.9646  0
4025.4784  1889.8745999999999  0
4025.2987  1855.8788  0
4025.2048000000004  1838.0371  0
4025.0099  1800.9789999999998  0
4024.8221999999996  1762.7337  0
4024.6268999999998  1724.1289  0
4024.4163999999996  1684.7587999999998  0
4024.2134  1645.9352  0
4024.0260999999996  1608.674  0
4023.8384000000005  1572.5222  0
4023.6668  1539.3075  0
4023.4871  1504.2335  0
4023.3074  1469.2689  0
4023.1281000000004  1434.2419  0
4022.9484999999995  1399.4804  0
4022.7607999999996  1364.4222  0
4022.5815  1328.8951000000002  0
4022.3938  1293.5869  0
4022.2141  1258.3411  0
4022.0191999999997  1222.1736  0
4021.8315  1186.2405  0
4021.6679  1155.5409  0
4021.4725000000003  1120.6545  0
4021.2616  1082.3466  0
4021.0274  1041.9296  0
4020.7850999999996  1000.0753  0
4020.5433  958.8146  0
4020.3010999999997  918.6163  0
4020.1843  899.1967000000001  0
4019.9421  862.0917999999999  0
4019.7311  829.0646  0
4019.5206  798.3651  0
4019.2703  763.3693  0
4018.9972  725.7176000000001  0
4018.8564  705.7825  0
4018.5757000000003  664.9905  0
4018.2789  623.183  0
4017.9741  581.4224  0
4017.6777  539.6773999999999  0
4017.4042  500.3227  0
4017.1467  463.40529999999995  0
4016.9120999999996  430.31550000000004  0
4016.6782  395.0541  0
4016.436  356.79310000000004  0
4016.1942000000004  315.6574  0
4015.9595000000004  273.2563  0
4015.7252999999996  229.7927  0
4015.4910999999997  186.3292  0
4015.2805  144.0843  0
4015.0696000000003  102.9798  0
4014.8899  64.4532  0
4014.7259  29.0356  0
4014.5854999999997  -6.3977  0
4014.4680000000003  -45.2836  0
4014.3822  -87.0286  0
4014.3276  -131.2421  0
4014.3044000000004  -176.346  0
4014.3120000000004  -222.37179999999998  0
4014.3509000000004  -267.2414  0
4014.4291000000003  -309.6425  0
4014.5386000000003  -350.1845  0
4014.687  -386.33639999999997  0
4014.8586  -419.4731  0
4015.0458999999996  -455.62500000000006  0
4015.2412  -493.7141  0
4015.4598  -533.1782  0
4015.6787999999997  -573.0015  0
4015.905  -613.5904  0
4016.1392  -653.6637  0
4016.3734  -691.7841  0
4016.5999999999995  -728.5297  0
4016.8262  -762.7131  0
4017.0841000000005  -799.3806000000001  0
4017.3496  -837.2355000000001  0
4017.6231000000002  -876.0120000000001  0
4017.8963000000003  -915.4292  0
4018.1849999999995  -955.9554999999999  0
4018.4586000000004  -995.9195  0
4018.7396999999996  -1035.5866  0
4018.9972  -1074.6287  0
4019.2470999999996  -1112.843  0
4019.4893  -1149.3073000000002  0
4019.7231  -1184.9593  0
4019.9497  -1221.1736999999998  0
4020.1843  -1257.3256000000001  0
4020.4105  -1293.8056  0
4020.6371  -1329.6295  0
4020.8320999999996  -1364.922  0
4021.0274  -1400.0429000000001  0
4021.1914  -1434.1950000000002  0
4021.3242  -1467.8785  0
4021.4256  -1499.859  0
4021.5427  -1544.2912  0
4021.6209  -1582.3022  0
4021.6679  -1615.2203  0
4021.6911000000005  -1645.5759  0
4021.6988  -1674.7441999999999  0
4021.6755  -1704.0376999999999  0
4021.6445999999996  -1735.3151  0
4021.5977000000003  -1770.5608000000002  0
4021.5427  -1810.7592  0
4021.4882000000002  -1857.6756  0
4021.4492999999998  -1892.0933000000002  0
4021.4100000000003  -1925.5892  0
4021.3711000000003  -1958.9914  0
4021.3242  -1991.9720000000002  0
4021.2772  -2024.6866  0
4021.2302999999997  -2057.5890999999997  0
4021.1834000000003  -2090.6319  0
4021.1449000000002  -2123.9559  0
4021.0979  -2157.8424  0
4021.0586999999996  -2191.8386  0
4021.0274  -2225.0376  0
4020.9805  -2258.8774000000003  0
4020.9339  -2293.4669  0
4020.8945999999996  -2328.4  0
4020.8633  -2363.4428  0
4020.8320999999996  -2398.4543  0
4020.8088  -2433.3718999999996  0
4020.7932  -2467.1492  0
4020.7932  -2500.614  0
4020.8088  -2533.2975  0
4020.8320999999996  -2565.4968  0
4020.8714  -2599.8051  0
4020.9103  -2635.6602  0
4020.9572000000003  -2672.8432000000003  0
4021.0197000000003  -2710.7136  0
4021.0979  -2748.5216  0
4021.1758000000004  -2785.6892  0
4021.2772  -2821.2317  0
4021.3787  -2854.8995999999997  0
4021.5038  -2885.8644000000004  0
4021.6602000000003  -2917.642  0
4021.8471999999997  -2951.3411  0
4022.0661  -2986.4462  0
4022.3003  -3022.27  0
4022.5578  -3058.5312  0
4022.8233000000005  -3094.652  0
4023.1124999999997  -3130.304  0
4023.4012999999995  -3164.6748  0
4023.69  -3197.6864  0
4023.9712  -3228.3703000000005  0
4024.2835999999998  -3259.7884999999997  0
4024.6268999999998  -3292.7844999999998  0
4025.0023  -3327.4208000000003  0
4025.4082  -3363.3071999999997  0
4025.8297  -3399.3651999999997  0
4026.2436000000002  -3435.0951999999997  0
4026.6651  -3470.7473999999997  0
4027.0789999999997  -3505.4775  0
4027.4773000000005  -3538.4426  0
4027.8522000000003  -3569.4073000000003  0
4028.2349000000004  -3599.3572  0
4028.6564  -3632.0877000000005  0
4029.1328  -3666.7862  0
4029.6169  -3702.4384  0
4030.1085999999996  -3739.2933  0
4030.6007  -3776.7418  0
4031.0535  -3813.6593  0
4031.4751  -3849.6864  0
4031.8348  -3884.026  0
4032.1236  -3916.1003  0
4032.3502  -3944.8624000000004  0
4032.6233  -3976.6243000000004  0
4032.9276999999997  -4010.886  0
4033.2400999999995  -4046.3192  0
4033.5526  -4083.0337999999997  0
4033.8493  -4119.6693000000005  0
4034.1225  -4155.6969  0
4034.3567  -4190.6143  0
4034.5207  -4223.782  0
4034.6302  -4254.3095  0
4034.7160000000003  -4290.852  0
4034.8174999999997  -4326.4732  0
4034.9110000000005  -4360.874900000001  0
4035.0048  -4394.2459  0
4035.075  -4427.3201  0
4035.1143  -4460.9726  0
4035.1143  -4494.4996  0
4035.075  -4528.3863  0
4034.9735  -4563.6475  0
4034.8019  -4599.7681  0
4034.6458  -4625.1556  0
4034.4582  -4657.6363  0
4034.2083000000002  -4696.0381  0
4033.9428  -4738.2046  0
4033.6616999999997  -4782.8865  0
4033.3652  -4827.6314  0
4033.0761  -4870.6734  0
4032.8106  -4911.137  0
4032.5607  -4945.960999999999  0
4032.3658  -4972.8016  0
4032.1236  -5002.6882000000005  0
4031.8192000000004  -5036.7313  0
4031.4751  -5073.8209  0
4031.1085  -5112.722  0
4030.7335000000003  -5153.3421  0
4030.3665  -5193.7592  0
4030.0308  -5233.7391  0
4029.734  -5271.6248  0
4029.4842000000003  -5307.2617  0
4029.3125000000005  -5338.820299999999  0
4029.1718  -5370.394499999999  0
4028.9921  -5406.811900000001  0
4028.8048000000003  -5446.5256  0
4028.6095000000005  -5488.6147  0
4028.4302  -5532.1873  0
4028.2581  -5575.7137  0
4028.1254  -5617.9272  0
4028.0239  -5658.0784  0
4027.985  -5695.1054  0
4028.0083  -5726.5076  0
4028.0628  -5757.8011  0
4028.1254  -5793.687400000001  0
4028.1879000000004  -5833.6669999999995  0
4028.2425000000003  -5875.8339  0
4028.2893999999997  -5919.0628  0
4028.3287  -5963.1355  0
4028.3520000000003  -6005.0838  0
4028.3833  -6045.5479  0
4028.3909000000003  -6081.8089  0
4028.3909000000003  -6113.1176000000005  0
4028.3752  -6144.3798  0
4028.344  -6178.5786  0
4028.3131  -6215.0116  0
4028.2661  -6252.6947  0
4028.2111999999997  -6291.4246  0
4028.1567000000005  -6329.9824  0
4028.1021  -6367.8997  0
4028.0472000000004  -6404.0824999999995  0
4028.0006  -6437.6572  0
4027.9694  -6467.6215999999995  0
4027.9381000000003  -6498.7907000000005  0
4027.8992000000003  -6534.0988  0
4027.8442  -6571.3753  0
4027.7897000000003  -6610.73  0
4027.7428  -6650.959000000001  0
4027.6958  -6691.2514  0
4027.6569000000004  -6730.918900000001  0
4027.6333  -6769.0079  0
4027.6333  -6804.628  0
4027.6569000000004  -6836.7813  0
4027.6882  -6868.0588  0
4027.7271  -6902.507  0
4027.7740000000003  -6939.753000000001  0
4027.821  -6979.0764  0
4027.8835  -7019.227600000001  0
4027.9617000000003  -7059.4414  0
4028.0396000000005  -7099.2339999999995  0
4028.141  -7136.7294  0
4028.2505  -7172.4594  0
4028.3752  -7205.0179  0
4028.5156  -7240.3571999999995  0
4028.6251  -7275.196800000001  0
4028.7109  -7310.036499999999  0
4028.7815  -7346.282200000001  0
4028.8441  -7382.2159  0
4028.883  -7419.4610999999995  0
4028.9062000000004  -7456.8474  0
4028.9375  -7494.9364000000005  0
4028.9611999999997  -7533.6967  0
4028.9768000000004  -7573.738899999999  0
4028.9845  -7603.7979000000005  0
4028.9845  -7637.3099999999995  0
4028.9687999999996  -7673.1026  0
4028.9532  -7710.1448  0
4028.9299  -7748.296399999999  0
4028.8986  -7787.0728  0
4028.8673000000003  -7824.349999999999  0
4028.8361  -7860.0487  0
4028.8048000000003  -7894.5763  0
4028.7735  -7925.6348  0
4028.7422  -7957.380700000001  0
4028.7033  -7990.720399999999  0
4028.6407  -8025.1846000000005  0
4028.5862  -8060.3844  0
4028.5156  -8095.613899999999  0
4028.4534  -8131.6406  0
4028.3909000000003  -8166.902899999999  0
4028.3051  -8218.7866  0
4028.2349000000004  -8267.1249  0
4028.1486999999997  -8320.8214  0
4028.0472000000004  -8374.8154  0
4027.9224  -8428.1212  0
4027.8286000000003  -8481.5056  0
4027.7740000000003  -8533.5617  0
4027.7664  -8583.7273  0
4027.8286000000003  -8634.174299999999  0
4027.8599  -8689.5271  0
4027.8522000000003  -8747.6143  0
4027.8599  -8805.4977  0
4027.9536999999996  -8861.8195  0
4028.1723  -8918.1404  0
4028.5782  -8972.1962  0
4029.1016  -9019.0506  0
4029.7108000000003  -9071.3409  0
4030.4214  -9131.0684  0
4031.1787000000004  -9194.0445  0
4031.9671999999996  -9256.4903  0
4032.7248  -9313.4674  0
4033.4038  -9360.4317  0
4034.1614  -9407.7377  0
4035.0281000000004  -9461.9812  0
4035.9496999999997  -9518.943  0
4036.8946  -9576.6083  0
4037.8078  -9632.507300000001  0
4038.6906000000004  -9686.267100000001  0
4039.5103  -9735.6522  0
4040.3458  -9785.879500000001  0
4041.2594  -9841.733600000001  0
4042.2587999999996  -9902.0851  0
4043.2507  -9962.8433  0
4044.1875000000005  -10019.915  0
4045.0157  -10071.423299999999  0
4045.8042  -10121.199  0
4046.616  -10174.4118  0
4047.4049  -10229.171  0
4048.1701000000003  -10284.3048  0
4048.912  -10339.250900000001  0
4049.6067  -10392.713899999999  0
4050.2552  -10443.3487  0
4051.0593  -10502.3094  0
4051.9730000000004  -10560.1151  0
4052.9724  -10618.4677  0
4053.9951  -10675.5234  0
4055.0026000000003  -10730.6259  0
4055.9319  -10782.2914  0
4056.7364  -10830.1453  0
4057.6263  -10881.8741  0
4058.6025  -10937.2421  0
4059.5863  -10993.7508  0
4060.5544999999997  -11050.743900000001  0
4061.4368  -11105.4245  0
4062.2020999999995  -11156.8565  0
4062.8658  -11206.4598  0
4063.6077999999998  -11260.1089  0
4064.3963  -11317.2432  0
4065.1772  -11376.4702  0
4065.8802  -11433.4015  0
4066.4734000000003  -11488.5345  0
4066.8797  -11538.3263  0
4067.1841  -11587.5702  0
4067.5041  -11643.1099  0
4067.8009  -11703.1189  0
4068.0351  -11762.9707  0
4068.1911  -11821.5889  0
4068.2304000000004  -11875.0824  0
4068.1602  -11924.2485  0
4068.4258  -11980.1323  0
4069.1128  -12039.2029  0
4070.1511000000005  -12099.7116  0
4071.4321  -12158.5953  0
4072.8767  -12214.119700000001  0
4074.4225  -12265.2855  0
4076.0703999999996  -12319.1231  0
4077.2652000000003  -12377.6474  0
4078.0144  -12437.6396  0
4078.4519000000005  -12497.9759  0
4078.7331000000004  -12557.0633  0
4079.0298  -12614.118999999999  0
4079.4903  -12666.0805  0
4079.3888  -12718.4341  0
4078.6236000000004  -12758.8356  0
4077.335  -12801.5656  0
4075.5547  -12845.8405  0
4073.2436999999995  -12891.6794  0
4070.4247  -12937.313800000002  0
4067.1214999999997  -12981.1844  0
4063.4438000000005  -13021.289100000002  0
4059.3365  -13057.2678  0
4054.8152999999998  -13087.9379  0
4048.5996  -13121.1975  0
4040.8298000000004  -13157.2723  0
4031.2099000000003  -13197.7051  0
4020.5276  -13239.262400000001  0
4008.7055  -13282.3044  0
3996.9769  -13322.659300000001  0
3984.4990000000003  -13363.2004  0
3972.0596  -13401.2741  0
3959.5425  -13437.036100000001  0
3949.8286999999996  -13462.953200000002  0
3940.1226  -13488.685599999999  0
3927.879  -13521.0876  0
3913.3781  -13559.1309  0
3897.644  -13599.8917  0
3881.1363  -13641.932700000001  0
3864.9651  -13682.1472  0
3848.7076  -13721.298200000001  0
3832.9651  -13757.496599999999  0
3818.3788  -13788.743600000002  0
3804.3236  -13815.802  0
3788.6829  -13844.6899  0
3772.0267999999996  -13874.6857  0
3754.9183  -13904.823300000002  0
3736.8648999999996  -13935.9756  0
3718.4525  -13967.160000000002  0
3699.5865000000003  -13998.5779  0
3679.2923  -14031.901600000001  0
3658.7242000000006  -14065.1947  0
3637.5084  -14099.144  0
3617.5418999999997  -14130.6396  0
3598.8090999999995  -14159.0897  0
3579.3579  -14187.5381  0
3559.243  -14215.8646  0
3538.2767000000003  -14244.3451  0
3516.6389000000004  -14272.7325  0
3494.8376000000003  -14300.4166  0
3471.7083000000002  -14328.9124  0
3448.0407999999998  -14357.2372  0
3423.4982  -14385.827599999999  0
3398.4249  -14414.4653  0
3374.2573  -14442.1646  0
3351.2218  -14468.631  0
3328.241  -14494.8471  0
3304.7683999999995  -14521.249399999999  0
3280.9601000000002  -14547.4014  0
3256.1443  -14573.8525  0
3230.6179  -14600.1144  0
3203.3661  -14627.0172  0
3173.8108  -14654.9835  0
3145.6139  -14680.6839  0
3119.1271  -14704.852299999999  0
3092.5934  -14729.115300000001  0
3065.5523  -14753.7064  0
3037.8941999999997  -14778.6087  0
3010.1347  -14803.1693  0
2981.9847  -14827.5253  0
2953.1866  -14851.741000000002  0
2923.6076000000003  -14875.7065  0
2893.8255000000004  -14898.812899999999  0
2866.6674000000003  -14919.014000000001  0
2839.7823  -14938.8702  0
2810.3518999999997  -14960.5087  0
2779.344  -14983.1635  0
2747.0085  -15006.565900000001  0
2714.1657  -15030.032299999999  0
2680.9948  -15053.3569  0
2648.1752  -15075.947600000001  0
2616.5583  -15097.1329  0
2586.862  -15116.287199999999  0
2562.9755  -15131.0196  0
2537.9647999999997  -15146.159399999999  0
2506.3711000000003  -15165.1566  0
2469.7252  -15187.075799999999  0
2430.0344  -15210.6979  0
2388.9299  -15235.0861  0
2348.3876999999998  -15258.989  0
2310.3518999999997  -15281.298799999999  0
2277.1654000000003  -15300.5463  0
2250.4211  -15315.8264  0
2225.176  -15329.6982  0
2193.4107  -15346.4157  0
2158.6155000000003  -15364.117400000001  0
2121.7898999999998  -15382.380699999998  0
2083.1921  -15401.174900000002  0
2044.0712  -15419.953899999999  0
2005.0594  -15438.4521  0
1967.7187  -15455.9662  0
1931.8930000000003  -15472.6501  0
1899.2218  -15487.7579  0
1868.6043000000002  -15501.7715  0
1833.4421  -15517.0197  0
1793.4387000000002  -15533.6426  0
1749.7965000000002  -15551.109299999998  0
1703.2728  -15569.1238  0
1656.1169  -15586.823999999999  0
1608.8826999999999  -15603.9154  0
1563.0774000000001  -15619.851700000001  0
1519.5131999999999  -15634.288  0
1479.8144  -15646.566799999999  0
1443.5356000000002  -15656.8314  0
1404.8285  -15667.6895  0
1363.1227000000001  -15679.328899999999  0
1320.0038  -15691.265899999999  0
1275.237  -15703.466800000002  0
1229.8223  -15715.5441  0
1184.798  -15727.119400000001  0
1141.0073  -15737.8693  0
1098.8644000000002  -15747.5861  0
1059.4152  -15755.8823  0
1023.2849  -15762.583900000001  0
984.2732  -15769.2398  0
940.6309  -15776.348899999999  0
893.6467  -15783.659399999999  0
844.2261  -15791.049200000001  0
794.3915999999999  -15798.204000000002  0
744.9243  -15804.9866  0
697.6354  -15811.142000000002  0
653.2201  -15816.546600000001  0
613.2557  -15820.953399999999  0
577.6407  -15824.2493  0
537.2702999999999  -15826.9669  0
492.2225  -15829.217499999999  0
444.00440000000003  -15831.044  0
393.2798  -15832.5134  0
342.0242  -15833.6227  0
291.0965  -15834.4513  0
242.4568  -15834.9976  0
196.7141  -15835.3409  0
155.96099999999998  -15835.498000000001  0
124.61739999999999  -15835.513299999999  0
90.3142  -15835.372899999998  0
47.0312  -15835.0922  0
-3.4748  -15834.622200000002  0
-58.2131  -15833.9813  0
-114.73949999999999  -15833.154300000002  0
-170.5006  -15832.1381  0
-223.35699999999997  -15830.9036  0
-270.37260000000003  -15829.4678  0
-308.64250000000004  -15827.8107  0
-342.5318  -15825.529499999999  0
-383.1989  -15822.406  0
-427.7704  -15818.765300000001  0
-474.7781  -15814.686599999999  0
-522.9493  -15810.2982  0
-571.6281  -15805.6107  0
-619.7759  -15800.735499999999  0
-666.1120000000001  -15795.768699999999  0
-709.9573  -15790.721099999999  0
-749.9139  -15785.737599999999  0
-786.5128000000001  -15780.7083  0
-826.1258  -15774.8322  0
-869.1900999999999  -15768.1  0
-914.6831000000001  -15760.6628  0
-961.4096999999999  -15752.772500000001  0
-1008.6750999999999  -15744.4931  0
-1055.6907  -15735.9619  0
-1100.9179  -15727.462800000001  0
-1143.8417  -15719.043  0
-1182.838  -15711.012299999999  0
-1218.5154  -15703.1387  0
-1258.0035  -15693.405200000001  0
-1300.8258  -15682.063299999998  0
-1346.4592  -15669.3771  0
-1394.3884  -15655.566400000002  0
-1442.2629000000002  -15641.442900000002  0
-1489.4189000000001  -15627.2415  0
-1534.9821  -15613.320899999999  0
-1578.2729  -15600.0107  0
-1616.8396000000002  -15588.0737  0
-1652.2827  -15576.9196  0
-1690.3964999999998  -15563.53  0
-1730.6265  -15548.1888  0
-1772.543  -15531.2363  0
-1814.8188  -15513.395700000001  0
-1858.4375000000002  -15494.4611  0
-1901.6268  -15475.289900000002  0
-1943.5745000000002  -15456.4331  0
-1983.9685  -15438.1866  0
-2021.8245  -15421.125799999998  0
-2055.2765  -15406.127900000001  0
-2087.7210999999998  -15390.9729  0
-2121.7356  -15374.490399999999  0
-2157.8970000000004  -15356.414799999999  0
-2194.371  -15337.713600000001  0
-2230.6025999999997  -15318.6691  0
-2267.0534  -15299.1089  0
-2302.7857  -15279.454000000002  0
-2336.7842  -15260.3638  0
-2369.2757  -15241.6  0
-2401.5642  -15222.4457  0
-2438.0146  -15200.495900000002  0
-2477.1826  -15176.608300000002  0
-2517.6935  -15151.6418  0
-2559.3916  -15125.6607  0
-2601.3081  -15099.1943  0
-2642.4282000000003  -15072.8241  0
-2681.6818000000003  -15047.2488  0
-2718.4214  -15022.782900000002  0
-2751.6548000000003  -15000.0351  0
-2781.468  -14978.8498  0
-2811.2812000000004  -14956.9931  0
-2841.7266999999997  -14934.106399999999  0
-2872.4535  -14910.4691  0
-2903.7973  -14885.8307  0
-2933.7198  -14861.833200000001  0
-2963.1893  -14837.7579  0
-2992.0656  -14813.7131  0
-3019.9656999999997  -14790.0452  0
-3046.9679  -14766.6885  0
-3073.2204  -14743.4097  0
-3100.8158000000003  -14718.052700000002  0
-3128.9581  -14691.3071  0
-3157.8966  -14663.0127  0
-3187.0541  -14633.798200000001  0
-3215.7429  -14604.3945  0
-3243.7756  -14575.054900000001  0
-3270.8401000000003  -14546.167  0
-3297.2881  -14517.358400000001  0
-3321.6274  -14490.315200000001  0
-3344.3813  -14464.2715  0
-3367.9871  -14435.415599999998  0
-3393.3338  -14402.873199999998  0
-3419.9219  -14367.423999999999  0
-3446.0262000000002  -14331.6788  0
-3472.0363999999995  -14295.3079  0
-3497.7268000000004  -14258.781400000002  0
-3522.7066  -14222.8317  0
-3546.2573999999995  -14188.616899999999  0
-3567.5044999999996  -14157.605000000001  0
-3585.7452000000003  -14130.4993  0
-3604.0642  -14100.5966  0
-3624.3744  -14065.0223  0
-3645.4963999999995  -14026.199299999998  0
-3667.4152  -13984.407  0
-3689.053  -13941.928100000001  0
-3710.0582000000004  -13899.6826  0
-3729.9152  -13858.8913  0
-3747.8985000000002  -13821.1609  0
-3763.1016000000004  -13788.508600000001  0
-3775.0256  -13761.965900000001  0
-3788.0580999999997  -13730.625900000001  0
-3802.6054000000004  -13693.8797  0
-3818.7302000000004  -13651.7288  0
-3835.6907  -13606.0776  0
-3852.2369  -13560.473600000001  0
-3868.8614000000002  -13513.5101  0
-3884.1114  -13469.1406  0
-3897.4018  -13429.0375  0
-3908.2400999999995  -13394.4778  0
-3916.0175000000004  -13366.9037  0
-3923.7087  -13335.4385  0
-3932.8918000000003  -13294.5053  0
-3942.8089  -13247.543300000001  0
-3952.8275  -13197.735599999998  0
-3963.1889  -13143.696600000001  0
-3972.8565000000003  -13090.7333  0
-3981.6254  -13039.785800000001  0
-3989.0198  -12993.167099999999  0
-3994.5484  -12953.5629  0
-3998.4527999999996  -12918.394499999999  0
-4002.2945  -12879.899599999999  0
-4006.152  -12839.0289  0
-4010.025  -12795.9557  0
-4013.9136999999996  -12750.649300000001  0
-4017.5682  -12706.4041  0
-4021.1914  -12660.7849  0
-4024.5804  -12616.291  0
-4027.6176  -12574.749  0
-4030.3821999999996  -12534.7847  0
-4032.8655  -12496.4134  0
-4035.2702999999997  -12455.4031  0
-4037.5816  -12412.5496  0
-4039.8071  -12367.4454  0
-4041.8999  -12322.544899999999  0
-4043.8911  -12277.143100000001  0
-4045.7493  -12232.415  0
-4047.4907000000003  -12188.8725  0
-4049.0913  -12147.4869  0
-4050.5595999999996  -12108.7105  0
-4052.0274999999997  -12068.5753  0
-4053.4565000000002  -12023.7206  0
-4054.7137999999995  -11977.757300000001  0
-4055.8147  -11932.2006  0
-4056.7833  -11886.971300000001  0
-4057.642  -11842.1021  0
-4058.4229  -11798.4665  0
-4059.0865999999996  -11758.440400000001  0
-4060.0079  -11703.2753  0
-4060.9371  -11650.6248  0
-4061.6165  -11606.443  0
-4062.3817000000004  -11540.8104  0
-4062.9204  -11475.7713  0
-4063.2954  -11411.9041  0
-4063.5376  -11351.6609  0
-4063.7169  -11293.9178  0
-4063.8733  -11242.0326  0
-4064.0372999999995  -11186.7744  0
-4064.201  -11125.2975  0
-4064.3493999999996  -11059.1492  0
-4064.4824999999996  -10993.9224  0
-4064.5603  -10930.8678  0
-4064.5915999999997  -10874.1402  0
-4064.5447  -10826.6609  0
-4064.4512  -10768.1999  0
-4064.3105  -10699.488800000001  0
-4064.1621  -10626.5915  0
-4063.998  -10555.7098  0
-4063.6391000000003  -10426.3344  0
-4063.1783  -10307.692000000001  0
-4062.8033  -10219.9532  0
-4062.6002999999996  -10175.4112  0
-4061.9602  -9965.9988  0
-4062.5145  -9835.5453  0
-4063.8107  -9644.2101  0
-4064.8646999999996  -9493.2274  0
-4066.1064  -9327.4979  0
-4067.1996999999997  -9184.5924  0
-4067.4889  -9145.8473  0
-4068.6912999999995  -8971.367600000001  0
-4069.7842  -8790.937  0
-4070.3232  -8598.1163  0
-4070.6200000000003  -8427.2926  0
-4070.8618  -8244.5808  0
-4071.0335  -8059.9777  0
-4071.0804000000003  -7884.4673  0
-4071.0258000000003  -7692.443799999999  0
-4070.8073  -7525.042  0
-4070.4402999999998  -7332.5188  0
-4069.9871000000003  -7150.430299999999  0
-4069.1986  -6994.2618999999995  0
-4068.0351  -6810.330999999999  0
-4066.7313  -6631.1493  0
-4065.2003999999997  -6435.0479000000005  0
-4063.8889  -6257.6630000000005  0
-4063.1313  -6070.1073  0
-4062.8188999999998  -5893.0508  0
-4063.2407999999996  -5701.6205  0
-4063.8653  -5548.1853  0
-4064.8491  -5359.4116  0
-4066.1377  -5185.9009  0
-4067.6758  -4993.0649  0
-4068.8941999999997  -4834.6930999999995  0
-4070.3933999999995  -4631.9832  0
-4071.5018999999998  -4471.1586  0
-4072.2282  -4312.1777  0
-4072.8687  -4126.215700000001  0
-4073.1499  -3938.6913  0
-4072.7829  -3764.0717000000004  0
-4072.4159  -3560.5179  0
-4072.213  -3394.3813  0
-4072.0177  -3227.6359999999995  0
-4071.8773  -3039.143  0
-4071.8849  -2858.0553  0
-4072.1191  -2693.3563  0
-4072.2518999999998  -2504.051  0
-4072.1111  -2319.6200999999996  0
-4071.6351000000004  -2136.0327  0
-4071.104  -1962.0067999999999  0
-4070.2216999999996  -1760.6245000000001  0
-4069.4096  -1588.9421  0
-4068.3632000000002  -1378.108  0
-4067.5278  -1223.8453  0
-4066.489  -1054.8655999999999  0
-4065.1928  -874.7153000000001  0
-4063.8889  -687.3003  0
-4063.0535  -524.3668  0
-4062.2020999999995  -326.6093  0
-4061.6943  -157.14520000000002  0
-4062.5225  30.9104  0
-4063.6699999999996  202.546  0
-4065.63  367.1825  0
-4068.0584000000003  544.9423999999999  0
-4070.1042  700.5956  0
-4072.0177  857.8111  0
-4073.5245  1004.231  0
-4074.8444  1208.1909  0
-4075.7266999999997  1382.0919  0
-4076.4683  1570.3975  0
-4076.9371  1758.2968  0
-4077.1713  1932.6664  0
-4077.2807999999995  2126.034  0
-4077.3041  2286.499  0
-4077.343  2474.9607  0
-4077.4525  2645.4402999999998  0
-4077.6787  2829.3399999999997  0
-4077.9285  3005.3659  0
-4078.0926  3180.2355  0
-4078.0299999999997  3367.0566999999996  0
-4077.6009000000004  3557.3932999999997  0
-4076.7811  3730.9662000000003  0
-4075.6485  3892.931  0
-4073.8762  4089.4077  0
-4071.8773  4282.3841  0
-4070.1434999999997  4454.0981  0
-4068.1755000000003  4686.3983  0
-4067.1917  4874.501  0
-4067.0357000000004  5080.4447  0
-4068.1446  5291.0136999999995  0
-4070.1121999999996  5504.0500999999995  0
-4071.5332  5685.1067  0
-4072.1423999999997  5896.4722  0
-4072.0486  6096.0419  0
-4071.7990999999997  6307.969700000001  0
-4071.0415  6505.242200000001  0
-4069.8234999999995  6723.138400000001  0
-4068.6989  6913.6314  0
-4067.5278  7145.446800000001  0
-4066.9498  7336.689800000001  0
-4066.6763  7564.3028  0
-4066.7000000000003  7739.798000000001  0
-4066.8953  7956.3805  0
-4066.9968  8131.7505  0
-4066.9888  8360.3172  0
-4066.9342  8557.167800000001  0
-4066.7702  8766.877700000001  0
-4066.5981  8970.697  0
-4066.5825  9172.7196  0
-4066.8484  9374.1638  0
-4067.7227000000003  9608.1978  0
-4068.8866  9803.4874  0
-4070.5025  10039.052599999999  0
-4071.7441999999996  10233.5602  0
-4072.8531  10456.2218  0
-4073.9464  10663.462800000001  0
-4074.9927999999995  10877.9678  0
-4075.6409  11095.5658  0
-4075.8125  11304.9011  0
-4076.9134999999997  11513.7192  0
-4078.7563  11744.7235  0
-4079.4746000000005  11952.182  0
-4079.1157  11998.8487  0
-4078.4832  12045.5933  0
-4077.5539000000003  12092.3531  0
-4076.281  12139.0816  0
-4074.6333999999997  12185.9512  0
-4072.5639  12232.6645  0
-4070.2216999999996  12282.6431  0
-4068.0275  12332.8087  0
-4065.9579999999996  12383.2397  0
-4063.9515  12433.7494  0
-4061.9835000000003  12484.322400000001  0
-4059.9922  12535.0815  0
-4058.9851000000003  12560.437  0
-4058.4698000000003  12573.1865  0
